Separation [km],Seconds
0,58782.4
10,34363.6
20,34757.0
30,86353.8
40,49663.7
50,18371.0
60,30815.5
70,19563.1
80,16433.6
90,9221.9
100,6000.9
110,0.0
120,1978.8
130,9051.5
140,6035.2
150,301.0
160,3011.8
170,6001.9
180,1334.5
190,5020.6
200,4571.6
210,6282.2
220,6212.6
230,3194.4
240,1134.6
250,0.0
260,0.0
270,0.0
280,0.0
290,0.0
300,0.0
310,0.0
320,0.0
330,0.0
340,0.0
350,0.0
360,0.0
370,0.0
380,0.0
390,0.0
400,0.0
410,0.0
420,0.0
430,0.0
440,0.0
450,88.9
460,1211.0
470,0.0
480,0.0
490,0.0
