Separation [km],Seconds
0,28492.6
10,16110.9
20,16934.8
30,41667.2
40,25099.0
50,9145.5
60,15481.0
70,10280.2
80,9402.0
90,5055.4
100,3229.7
110,0.0
120,1149.3
130,5031.3
140,3182.8
150,41.1
160,1853.0
170,3377.4
180,726.3
190,2960.1
200,2679.2
210,3640.5
220,3847.0
230,1928.6
240,583.3
250,0.0
260,0.0
270,0.0
280,0.0
290,0.0
300,0.0
310,0.0
320,0.0
330,0.0
340,0.0
350,0.0
360,0.0
370,0.0
380,0.0
390,0.0
400,0.0
410,0.0
420,0.0
430,0.0
440,0.0
450,35.0
460,677.8
470,0.0
480,0.0
490,0.0
