dateTime,dos1rate,peak_std,Lm_OPQ,MLT_OPQ,lat,lon,alt,Dist_In_Track,Lag_In_Track,Dist_Total,Loss_Cone_Type,flag,AE,time_cc,space_cc,time_spatial_A,time_spatial_B,peak_width_A,peak_width_B
2015-04-16 04:50:47.600000,560.003,5.2421956931836124,5.36905,21.7779,-71.3883,-121.545,660.86,131.796,17.4919,131.804,1.0,0.0,583.0,0.8159838211678201,0.061890180337787565,2015-04-16 04:50:47.600000,2015-04-16 04:51:05.091900,0.17500674338671232,0.19749999583346547
2015-04-16 05:37:42.100000,569.946,6.014334770442453,5.03621,10.0672,65.7251,53.1518,674.671,132.305,17.5961,132.313,1.0,0.0,552.0,0.9037223279226834,0.4705788193792289,2015-04-16 05:37:42.100000,2015-04-16 05:37:59.696100,0.2958855759064513,0.2607698957907311
2015-04-16 19:29:05.400000,2590.01,6.0708906274868095,5.41519,19.9947,-64.5365,26.2792,662.745,128.4,17.0482,128.409,0.0,4.0,1023.0,0.8233083740210484,0.4949857757168291,2015-04-16 19:29:05.400000,2015-04-16 19:29:22.448200,0.31025641025641026,0.3171068006818316
2015-04-16 04:50:47.700000,740.0039999999998,4.203706733473082,4.9340199999999985,21.8016,-70.4216,-120.183,661.203,131.796,17.4919,131.804,1.0,0.0,583.0,0.8079744749447442,0.022899626629713857,2015-04-16 04:50:30.208100,2015-04-16 04:50:47.700000,0.17499987500062494,0.1974999958334654
2015-04-16 07:15:41.600000,730.0039999999998,4.56461564309938,5.12112,10.3675,65.3316,28.9745,674.543,131.85,17.5372,131.858,1.0,0.0,618.0,0.8102012768728494,0.06320446914826204,2015-04-16 07:15:24.062800,2015-04-16 07:15:41.600000,0.3050282738095238,0.2106724576368423
2015-04-16 19:29:05.400000,1430.01,5.6647327914994285,5.20716,20.0966,-63.5443,27.0171,662.97,128.4,17.0482,128.409,0.0,4.0,1023.0,0.8233083740210484,-0.2647522810912054,2015-04-16 19:28:48.351800,2015-04-16 19:29:05.400000,0.31025641025641026,0.3171068006818316
2015-04-16 20:17:02.100000,600.003,8.76075064287294,4.1943199999999985,8.38166,61.3247,-163.474,672.074,129.07,17.1628,129.077,1.0,0.0,1249.0,0.8128295942786484,-0.5217952889896295,2015-04-16 20:16:44.937200,2015-04-16 20:17:02.100000,0.3162390203836037,0.2900013333333334
2015-04-17 01:12:10.000000,1590.01,4.74583504223502,5.4196800000000005,8.896189999999997,68.1886,117.154,678.679,128.034,17.037,128.04,1.0,0.0,378.0,0.8490422160033835,0.2492001959874331,2015-04-17 01:12:10.000000,2015-04-17 01:12:27.037000,0.2839285714285714,0.2159482758620689
2015-04-17 01:12:11.599999,1440.01,7.5340218860778965,5.4421,8.89297,68.2791,117.053,678.785,128.033,17.0371,128.039,1.0,0.0,378.0,0.8030527815611751,0.1950980818699916,2015-04-17 01:12:11.599999,2015-04-17 01:12:28.637099,0.2416666666666667,0.5883333333333333
2015-04-17 01:12:10.000000,1530.01,5.109440892544281,5.04582,8.95035,67.2201,118.137,677.916,128.034,17.037,128.04,1.0,0.0,378.0,0.8490422160033835,0.2465395277363175,2015-04-17 01:11:52.963000,2015-04-17 01:12:10.000000,0.2839285714285714,0.2159482758620689
2015-04-17 01:12:11.599999,1680.01,6.033281603186758,5.06799,8.947289999999997,67.3112,118.043,678.048,128.033,17.0371,128.039,1.0,0.0,378.0,0.8030527815611751,-0.12327656963068136,2015-04-17 01:11:54.562899,2015-04-17 01:12:11.599999,0.2416666666666667,0.5883333333333333
2015-04-21 12:44:50.399999,890.005,14.07128281287815,5.55423,9.96081,58.3753,-48.7766,679.433,105.939,14.1017,105.945,1.0,0.0,348.0,0.9224962558236246,-0.1906295239636425,2015-04-21 12:44:50.399999,2015-04-21 12:45:04.501699,0.5166665740745884,0.3999999999999999
2015-04-21 23:37:51.100000,350.0019999999999,16.00003124996948,5.61966,12.3524,-57.2493,173.50799999999995,631.6709999999998,102.811,13.5931,102.819,1.0,4.0,193.0,0.9113445035118722,-0.3793724204578573,2015-04-21 23:37:51.100000,2015-04-21 23:38:04.693100,0.3666544494378158,0.2895454132235161
2015-04-21 11:08:18.800000,550.003,13.065014434787185,5.59923,10.3491,62.0501,-26.7959,682.462,106.124,14.1323,106.129,2.0,0.0,495.0,0.9404796835173987,0.5890173789729253,2015-04-21 11:08:04.667700,2015-04-21 11:08:18.800000,0.25999910001499976,0.4430545833333331
2015-04-21 23:37:51.200000,450.002,5.347400179330049,5.91784,12.4129,-58.0569,173.895,631.989,102.811,13.5931,102.819,1.0,0.0,193.0,0.8752035555271314,-0.12278799088616782,2015-04-21 23:37:37.606900,2015-04-21 23:37:51.200000,0.3833176452173753,0.2895454132235161
2015-04-23 11:25:13.099999,340.0019999999999,2.0579941186536432,6.72115,10.2393,-73.248,11.6782,637.231,97.9194,12.9515,97.9233,0.0,0.0,129.0,0.8054248186351937,-0.5129263793868314,2015-04-23 11:25:00.148499,2015-04-23 11:25:13.099999,0.32916360999032984,0.22259246696051208
2015-04-28 11:02:36.700000,130.001,2.0207377297001123,6.20586,10.3634,63.4355,-26.3728,695.192,83.4823,11.1361,83.4889,0.0,0.0,434.0,0.8606598701083088,0.36039042494455376,2015-04-28 11:02:36.700000,2015-04-28 11:02:47.836100,0.3750011666333343,0.4071433673343516
2015-04-28 11:02:36.600000,150.001,2.8401989758158117,5.88128,10.3585,62.7843,-25.9281,694.682,83.4824,11.1361,83.4889,2.0,0.0,434.0,0.8168537214073154,-0.545139019276296,2015-04-28 11:02:25.463900,2015-04-28 11:02:36.600000,0.3750011666333343,0.3750011963998349
2015-05-06 10:46:02.899999,310.002,2.523288827923176,6.87705,10.081,-71.8867,19.114,642.745,69.1018,9.14772,69.1028,0.0,4.0,349.0,0.8159420153335237,0.4342930805438809,2015-05-06 10:46:02.899999,2015-05-06 10:46:12.047719,0.17023699264779016,0.11254125000000004
2015-05-06 13:59:28.500000,640.003,2.752995326675762,7.32607,11.3265,-78.5417,-11.0123,641.385,68.5698,9.0747,68.5704,0.0,0.0,1059.0,0.8675850724201198,0.007034829150333075,2015-05-06 13:59:28.500000,2015-05-06 13:59:37.574700,0.36283476791707575,0.2664710760701627
2015-05-06 13:59:28.399999,420.002,4.8280955691875125,7.608160000000002,11.3597,-78.9421,-8.975019999999997,641.521,68.5698,9.07469,68.5703,0.0,4.0,1059.0,0.8246183190061291,-0.6339678179855275,2015-05-06 13:59:19.325309,2015-05-06 13:59:28.399999,0.36283476791707575,0.26647107607016274
2015-05-09 22:34:26.800000,230.001,5.0000099999900005,7.92842,7.8521,72.983,149.64600000000004,703.1610000000002,62.4459,8.33789,62.449,1.0,0.0,185.0,0.8519613893768503,-0.29491461449797435,2015-05-09 22:34:26.800000,2015-05-09 22:34:35.137890,0.3375008593735352,0.29841142857142844
2015-05-09 22:34:26.800000,310.002,3.1378521278857314,7.641669999999999,7.906039999999999,72.5361,150.433,702.9580000000002,62.4459,8.33789,62.449,1.0,0.0,185.0,0.8519613893768503,0.1572531618942417,2015-05-09 22:34:18.462110,2015-05-09 22:34:26.800000,0.3375008593735352,0.29841142857142844
2015-05-11 16:13:46.799999,350.0019999999999,2.9317720992132927,7.47565,12.7914,-80.5232,-31.3774,646.719,59.8093,7.9212,59.8098,0.0,0.0,656.0,0.8029906921954939,0.010100421615354429,2015-05-11 16:13:46.799999,2015-05-11 16:13:54.721199,0.3728573224478397,0.5503761867061389
2015-05-11 16:13:46.899999,590.003,3.466893960776262,7.69228,12.8548,-80.777,-28.8675,646.71,59.8093,7.92121,59.8098,0.0,0.0,656.0,0.8230442771356198,0.06785543229422883,2015-05-11 16:13:38.978789,2015-05-11 16:13:46.899999,,0.5503761867061389
2015-05-12 06:46:24.600000,300.002,5.1120948521890845,5.1552,22.2895,-65.9536,-144.46,635.63,58.1404,7.68987,58.1463,1.0,4.0,726.0,0.8033849708303362,-0.21703891599970607,2015-05-12 06:46:24.600000,2015-05-12 06:46:32.289870,0.4249868910378815,0.26188855819425705
2015-05-12 08:36:50.799999,460.002,3.5386464364422183,6.74595,10.0137,-64.968,43.5388,654.757,58.5007,7.758669999999999,58.5086,0.0,0.0,636.0,0.8789163308001064,-0.35695593186148594,2015-05-12 08:36:50.799999,2015-05-12 08:36:58.558669,0.18095238095238106,0.2758334996516364
2015-05-12 21:37:56.399999,650.004,3.721055395239569,6.52396,13.4874,-69.4755,-147.24,654.136,57.4071,7.612310000000001,57.4115,1.0,0.0,238.0,0.8543616823545472,0.41415800829624977,2015-05-12 21:37:56.399999,2015-05-12 21:38:04.012309,0.3207798941642516,0.369372344546456
2015-05-12 05:58:49.899999,560.003,3.8886673798905775,6.76813,10.1242,69.62,43.5804,701.675,58.1005,7.756689999999999,58.1066,1.0,0.0,700.0,0.8802030639039216,0.3521329296360307,2015-05-12 05:58:42.143309,2015-05-12 05:58:49.899999,0.20833300926671802,0.33529357915955266
2015-05-12 21:37:56.399999,1000.01,4.13673777722287,6.65502,13.5406,-69.906,-146.72,654.21,57.4071,7.612310000000001,57.4115,1.0,0.0,238.0,0.8543616823545472,0.4490372677301228,2015-05-12 21:37:48.787689,2015-05-12 21:37:56.399999,0.3207798941642516,0.369372344546456
2015-05-13 04:00:04.000000,990.005,6.844320389434168,5.62822,21.5097,-73.5523,-112.872,640.08,56.6856,7.5011199999999985,56.6871,1.0,4.0,263.0,0.8327277694504135,0.39884045346612296,2015-05-13 04:00:04.000000,2015-05-13 04:00:11.501120,0.4704547417340814,0.3428537594248115
2015-05-13 12:17:09.000000,1060.01,6.566005094174077,5.75737,10.4397,-72.7729,-2.1844,653.863,56.769,7.52695,56.7722,0.0,0.0,554.0,0.8267251004656391,0.3447800971461798,2015-05-13 12:17:09.000000,2015-05-13 12:17:16.526950,0.19375039060058752,0.2799020994319248
2015-05-13 22:07:15.400000,960.005,2.8641617787112463,4.96975,12.7606,-61.4675,-161.589,659.164,56.1223,7.44865,56.1274,1.0,0.0,765.0,0.8385632185383477,-0.10985345540135147,2015-05-13 22:07:15.400000,2015-05-13 22:07:22.848650,0.2862579264526594,0.18642857142857147
2015-05-13 06:25:01.100000,530.003,6.168454849460825,5.56157,10.2264,66.8077,40.0757,701.06,56.257,7.51043,56.2631,1.0,0.0,972.0,0.8147206585788161,-0.21607188011390727,2015-05-13 06:24:53.589570,2015-05-13 06:25:01.100000,0.5000011224431488,0.42291437499999984
2015-05-13 12:17:09.099999,750.0039999999998,3.443551940140384,5.91369,10.4436,-73.1767,-1.4652,653.884,56.7691,7.526969999999999,56.7723,0.0,0.0,554.0,0.8853753342439218,-0.5296149675693753,2015-05-13 12:17:01.573029,2015-05-13 12:17:09.099999,0.19375039060058752,0.2799020994319248
2015-05-13 22:07:15.400000,1470.01,3.369499722894304,5.08352,12.7961,-61.9059,-161.321,659.263,56.1223,7.44865,56.1274,1.0,0.0,765.0,0.8385632185383477,-0.3634363223964587,2015-05-13 22:07:07.951350,2015-05-13 22:07:15.400000,0.2862579264526594,0.18642857142857147
2015-05-14 03:37:06.099999,310.002,3.5496546310889783,6.32758,9.56477,69.4854,79.17399999999998,700.45,55.1419,7.36028,55.1486,1.0,0.0,286.0,0.8118053565504509,-0.4130702150997764,2015-05-14 03:37:06.099999,2015-05-14 03:37:13.460279,0.425,0.10015500000000062
2015-05-18 16:07:10.199999,460.002,2.8368389117709945,7.3933300000000015,12.6812,-80.35,-31.2389,659.29,46.8817,6.2202,46.8821,0.0,0.0,60.0,0.8677924676764145,-0.24335966295904785,2015-05-18 16:07:10.199999,2015-05-18 16:07:16.420199,0.08499999999999996,0.16249875000000005
2015-05-19 05:17:35.399999,590.003,3.254727518691234,6.796310000000001,10.7244,-54.6278,87.2571,673.828,46.0788,6.12962,46.089,1.0,0.0,66.0,0.8750464945914544,-0.5043488345175384,2015-05-19 05:17:29.270379,2015-05-19 05:17:35.399999,,0.4900000999990001
2015-06-13 10:32:12.900000,170.00099999999995,12.66678441020357,5.11233,10.2501,62.0634,-18.204,644.128,13.5109,1.78937,13.5412,2.0,0.0,346.0,0.8766282594455304,0.01678950255933094,2015-06-13 10:32:12.900000,2015-06-13 10:32:14.689370,0.3874712984894219,0.2799981500432488
2015-06-13 10:32:12.900000,480.003,16.55343977938058,5.07075,10.248,61.956,-18.1495,644.186,13.5109,1.78937,13.5412,2.0,4.0,346.0,0.8766282594455304,-0.389617529794282,2015-06-13 10:32:11.110630,2015-06-13 10:32:12.900000,0.3874712984894219,0.2799981500432488
2015-07-13 10:03:40.000000,1180.01,8.101095956869619,4.60901,22.1492,-53.7377,173.035,711.544,29.1614,3.90028,29.1854,1.0,4.0,449.0,0.8495569276834466,0.1107151370148384,2015-07-13 10:03:40.000000,2015-07-13 10:03:43.900280,0.40990686387248215,0.3450002749986251
2015-07-13 15:10:27.100000,520.003,2.926048962079311,4.94318,11.3765,-74.6362,-41.9221,693.22,28.8156,3.84221,28.8227,0.0,0.0,330.0,0.8079790709826212,0.4632609396818196,2015-07-13 15:10:27.100000,2015-07-13 15:10:30.942210,0.29500004999949997,0.075
2015-07-14 05:56:42.799999,630.003,5.367552001688835,5.5293199999999985,10.3369,-53.4615,76.7179,668.7669999999998,28.9583,3.84969,28.9926,1.0,0.0,252.0,0.8513911471564002,-0.3093480780717217,2015-07-14 05:56:42.799999,2015-07-14 05:56:46.649689,0.20714282312941368,0.36280707294523
2015-07-14 00:50:50.299999,1640.01,9.058143496678426,5.9615,19.9747,-77.2014,-75.8959,707.168,29.0703,3.88383,29.0753,0.0,4.0,586.0,0.8527717665354128,-0.923647055753516,2015-07-14 00:50:46.416169,2015-07-14 00:50:50.299999,0.05125000000000002,0.37369350823747977
2015-07-14 05:56:42.899999,870.005,5.031784841244568,5.61908,10.3372,-53.6871,76.7898,668.87,28.9583,3.84969,28.9926,1.0,0.0,252.0,0.9022943598059424,0.24365812852448146,2015-07-14 05:56:39.050309,2015-07-14 05:56:42.899999,0.2219046052166894,0.3747368698059482
2015-07-20 23:05:59.799999,160.001,2.0207377297001123,7.32468,18.6677,-80.0371,-64.5741,691.296,30.1946,4.0246900000000005,30.1971,0.0,0.0,75.0,0.8990992758460173,0.4111875489345117,2015-07-20 23:05:59.799999,2015-07-20 23:06:03.824689,0.5749837605556388,0.5833064023462354
2015-07-20 23:05:59.799999,120.001,2.5927318044635097,7.22613,18.7083,-79.8887,-63.4622,691.198,30.1946,4.0246900000000005,30.1971,0.0,0.0,75.0,0.8990992758460173,-0.30315695171821244,2015-07-20 23:05:55.775309,2015-07-20 23:05:59.799999,0.5749837605556388,0.5833064023462354
2015-07-22 11:02:57.799999,369.965,3.4519501688328424,7.21443,9.90749,-73.1815,16.8376,671.3389999999998,30.3905,4.0396800000000015,30.3982,0.0,0.0,433.0,0.8716395130380397,-0.020274587692700977,2015-07-22 11:02:57.799999,2015-07-22 11:03:01.839679,0.3555960489327897,0.4123203699404792
2015-07-22 11:03:01.199999,420.002,3.8575899946601457,7.09951,9.90899,-72.9993,16.4803,671.066,30.3904,4.03955,30.3982,0.0,0.0,433.0,0.8028072933934459,0.19763625335220467,2015-07-22 11:03:01.199999,2015-07-22 11:03:05.239549,0.3589701601163395,0.4027779938259604
2015-07-22 11:02:57.799999,689.934,3.984143663896046,7.3267,9.90513,-73.3997,17.2359,671.39,30.3905,4.0396800000000015,30.3982,0.0,0.0,433.0,0.8716395130380397,0.4102546310132073,2015-07-22 11:02:53.760319,2015-07-22 11:02:57.799999,0.3555960489327897,0.4123203699404792
2015-07-23 00:44:35.500000,920.005,6.985255592147801,5.96165,8.63413,69.6566,121.538,643.74,31.468000000000004,4.16679,31.4755,1.0,0.0,660.0,0.8141145786211668,0.2258076840664352,2015-07-23 00:44:35.500000,2015-07-23 00:44:39.666790,0.4055555246915293,0.17412036764705885
2015-07-23 00:45:16.000000,450.002,2.5342047429399237,7.15995,8.46524,71.9125,118.162,645.783,31.4786,4.16924,31.4842,1.0,0.0,660.0,0.8554041436750861,0.13380139021975346,2015-07-23 00:45:16.000000,2015-07-23 00:45:20.169240,0.3291572275710431,0.27112672330750165
2015-07-23 03:26:52.500000,310.002,4.13093735788126,6.60244,11.1033,-52.1107,113.586,647.636,30.5786,4.0530800000000005,30.6117,1.0,0.0,302.0,0.8130690332197329,-0.3060757517989429,2015-07-23 03:26:52.500000,2015-07-23 03:26:56.553080,0.34373515161935714,0.3030233282208589
2015-07-23 08:51:11.300000,1130.01,5.692114018534768,4.24141,10.2429,61.5897,7.09202,637.401,31.4106,4.1562,31.4341,2.0,0.0,804.0,0.8470664950389258,-0.0681683917737094,2015-07-23 08:51:11.300000,2015-07-23 08:51:15.456200,0.21201231266985832,
2015-07-23 09:55:24.600000,910.005,3.7962935393194512,4.38905,9.84857,-61.3784,20.9616,656.828,30.5746,4.056780000000002,30.5951,0.0,0.0,150.0,0.8607363259796862,-0.4112700776921627,2015-07-23 09:55:24.600000,2015-07-23 09:55:28.656780,0.4820828828132322,
2015-07-23 11:29:49.000000,570.003,3.049979563541645,6.553719999999998,10.0184,-72.8926,9.57758,668.584,30.5635,4.06115,30.5714,0.0,0.0,267.0,0.8920208936169043,0.3761153544305093,2015-07-23 11:29:49.000000,2015-07-23 11:29:53.061150,0.35,0.3331793518827885
2015-07-23 00:45:16.000000,910.005,3.8787208131372415,7.02473,8.48325,71.6809,118.513,645.751,31.4786,4.16924,31.4842,1.0,0.0,660.0,0.8554041436750861,-0.3071016148419267,2015-07-23 00:45:11.830760,2015-07-23 00:45:16.000000,0.3291572275710431,0.27112672330750165
2015-07-23 00:45:16.800000,990.005,4.422175320801542,7.02473,8.48325,71.725,118.444,645.7869999999998,31.4788,4.16929,31.4844,1.0,0.0,660.0,0.8541104356201724,-0.5695819009813025,2015-07-23 00:45:12.630710,2015-07-23 00:45:16.800000,0.2986363442153707,0.30923200591533906
2015-07-23 03:26:52.600000,410.002,4.060523522776115,6.74247,11.111,-52.3503,113.658,647.987,30.5787,4.0530800000000005,30.6118,1.0,0.0,302.0,0.8004172010001918,0.312439936427906,2015-07-23 03:26:48.546920,2015-07-23 03:26:52.600000,0.34373515161935714,0.30302332822085903
2015-07-23 05:37:22.199999,1230.01,6.852724483799938,5.67515,9.87819,67.4589,50.8018,642.432,31.4362,4.161980000000002,31.45,1.0,0.0,1188.0,0.9131046196619664,-0.7370200582588391,2015-07-23 05:37:18.038019,2015-07-23 05:37:22.199999,0.28172450946632804,0.24510546614723056
2015-07-23 05:37:41.899999,1290.01,5.643722142202902,6.15753,9.86608,68.5842,49.5198,643.43,31.4413,4.16315,31.4535,1.0,0.0,1177.0,0.8538316303968362,0.03436907203773193,2015-07-23 05:37:37.736849,2015-07-23 05:37:41.899999,0.30026217405173805,0.2922200797554557
2015-07-23 08:18:21.199999,2610.01,7.711183909633839,4.99301,9.88772,-59.0496,43.8375,654.4730000000002,30.5044,4.04626,30.538,0.0,0.0,524.0,0.8375538411370124,0.21453049183107006,2015-07-23 08:18:17.153739,2015-07-23 08:18:21.199999,0.3809393718966885,0.32394970852723104
2015-07-23 08:51:12.599999,660.0039999999998,4.098822352762077,4.1867800000000015,10.24,61.4184,7.17559,637.481,31.4111,4.1563,31.4344,2.0,0.0,804.0,0.8380402623810301,0.0597029275795235,2015-07-23 08:51:08.443699,2015-07-23 08:51:12.599999,0.21177587429542416,0.2091145292408988
2015-07-24 08:42:44.600000,250.001,2.5999948000156,7.60692,9.77362,-67.0909,43.6137,660.627,30.6047,4.06245,30.6175,0.0,4.0,76.0,0.807177730488789,-0.2726579510431825,2015-07-24 08:42:44.600000,2015-07-24 08:42:48.662450,0.2762602806758817,0.27496220187339776
2015-07-24 08:42:48.000000,340.0019999999999,3.4299787645506896,7.5127,9.77627,-66.8963,43.4077,660.409,30.6053,4.0624400000000005,30.6183,0.0,4.0,76.0,0.9008261822083068,0.02000074981165647,2015-07-24 08:42:48.000000,2015-07-24 08:42:52.062440,0.3660603874392631,
2015-07-24 07:41:50.399999,190.001,3.9000778598663137,6.01016,10.2128,67.2084,19.9312,644.506,31.5624,4.17995,31.5714,1.0,0.0,171.0,0.9258491309723488,0.05272817555381008,2015-07-24 07:41:46.220049,2015-07-24 07:41:50.399999,0.3499990833623602,0.2775006587428682
2015-07-24 08:42:44.500000,280.002,2.4756773547450392,7.728460000000001,9.76855,-67.3313,43.8326,660.8389999999998,30.6046,4.06246,30.6175,0.0,0.0,76.0,0.8553951308210659,-0.0592067762297455,2015-07-24 08:42:40.437540,2015-07-24 08:42:44.500000,0.28749343864823657,0.33113435582205525
2015-07-24 08:42:47.799999,450.002,4.3230700568077705,7.63702,9.77127,-67.1427,43.6326,660.693,30.6053,4.0624400000000005,30.6183,0.0,0.0,76.0,0.9533475491917784,-0.0566121124066542,2015-07-24 08:42:43.737559,2015-07-24 08:42:47.799999,,0.4303444744991957
2015-07-27 11:40:09.300000,2000.01,10.703899639255983,5.06208,10.0615,-69.2584,1.5930000000000002,656.176,31.3379,4.15699,31.3485,0.0,0.0,708.0,0.8563296834584553,0.10651368831625058,2015-07-27 11:40:09.300000,2015-07-27 11:40:13.456990,0.3298036465638149,0.3300385934819897
2015-07-27 12:15:27.100000,390.002,3.3074828482637426,5.619,9.81149,59.6679,-42.8432,644.382,32.2686,4.27418,32.2853,2.0,0.0,600.0,0.840599682589617,0.34801345333945266,2015-07-27 12:15:27.100000,2015-07-27 12:15:31.374180,0.2679169899270333,
2015-07-27 12:15:41.100000,1300.01,2.3093968001017213,5.8903,9.80253,60.2405,-43.2491,645.149,32.2723,4.27505,32.2881,1.0,0.0,579.0,0.8997193427343488,0.572893002880723,2015-07-27 12:15:36.824950,2015-07-27 12:15:41.100000,,0.4628080591044504
2015-07-28 07:16:36.200000,1049.9,5.952278475492749,5.9529,10.0338,-58.6292,59.0347,644.624,31.1536,4.12673,31.1762,0.0,4.0,259.0,0.8152531987473642,-0.03386046855180646,2015-07-28 07:16:36.200000,2015-07-28 07:16:40.326730,0.3502997558646475,0.3019939285714285
2015-07-28 13:43:22.100000,1149.89,5.5009877351939105,5.1402800000000015,10.7457,-73.6157,-22.4674,658.1519999999998,31.1213,4.12908,31.1283,0.0,4.0,220.0,0.8524335137941499,0.2944502356778514,2015-07-28 13:43:22.100000,2015-07-28 13:43:26.229080,0.2297095625063502,0.2783308681306177
2015-07-28 05:40:03.500000,1130.01,2.0955745925058658,6.22074,10.4119,-54.4496,81.1726,640.943,31.1746,4.12772,31.203000000000007,1.0,0.0,240.0,0.8002404323856813,-0.8714219713813817,2015-07-28 05:39:59.372280,2015-07-28 05:40:03.500000,0.1083324846257682,0.22084479166666693
2015-07-28 07:50:50.700000,180.00099999999995,3.2161929696527607,5.69053,10.2292,66.3983,18.4343,652.703,32.0702,4.25226,32.0797,1.0,0.0,370.0,0.8005403316037409,-0.08243265348812072,2015-07-28 07:50:46.447740,2015-07-28 07:50:50.700000,0.10663113006396596,0.09991514425476708
2015-07-28 13:43:22.000000,1660.01,5.687965167693562,5.23356,10.7547,-73.8431,-22.0255,658.3710000000002,31.1213,4.12908,31.1283,0.0,0.0,220.0,0.8698523599056904,0.41948673908236733,2015-07-28 13:43:17.870920,2015-07-28 13:43:22.000000,0.19703594910877573,0.266956802063185
2015-07-30 08:08:12.699999,310.002,3.60147684528782,7.660589999999999,9.85661,-65.2592,50.5418,647.043,31.4085,4.16129,31.4295,0.0,4.0,102.0,0.8368103921986916,-0.13804617484204235,2015-07-30 08:08:12.699999,2015-07-30 08:08:16.861289,0.2866654814835391,
2015-07-30 08:08:12.500000,430.002,2.545642963724392,7.79346,9.85186,-65.515,50.7352,647.423,31.4084,4.16129,31.4294,0.0,0.0,102.0,0.8188694436441143,-0.4417567906840783,2015-07-30 08:08:08.338710,2015-07-30 08:08:12.500000,,0.5375670833333334
2015-08-04 19:07:20.199999,440.002,2.3999952000144003,7.66467,7.47087,67.5838,-151.887,671.012,33.4402,4.44548,33.4523,1.0,4.0,222.0,0.8101453752269223,-0.7410813397975391,2015-08-04 19:07:15.754519,2015-08-04 19:07:20.199999,0.20500000000000013,0.30416746527575234
2015-08-08 05:40:02.399999,980.005,4.444455692715541,7.623439999999999,10.4587,-57.1209,82.3044,631.602,34.137,4.51361,34.1629,1.0,0.0,394.0,0.8389367370848252,-0.0774195523136122,2015-08-08 05:39:57.886389,2015-08-08 05:40:02.399999,0.4371152404589821,0.5571432077418397
2015-08-08 07:17:15.099999,539.9490000000002,3.287987299565724,6.118519999999998,10.0538,-59.1578,59.0524,632.681,34.1494,4.51565,34.1723,0.0,0.0,248.0,0.8132379242188651,0.10334888792844343,2015-08-08 07:17:10.584349,2015-08-08 07:17:15.099999,0.1937407051001662,0.2900506556864026
2015-08-12 06:23:09.099999,190.001,3.8877153670939473,5.55335,10.0601,66.7782,39.9183,685.7339999999998,36.5243,4.8658,36.5359,1.0,0.0,478.0,0.8042827942569258,-0.6097699322475005,2015-08-12 06:23:04.234199,2015-08-12 06:23:09.099999,0.21333333333333346,0.3708333333333335
2015-08-12 07:26:06.799999,650.004,1.808400412695583,6.24461,10.0403,-59.9307,57.243,631.9259999999998,36.0237,4.76296,36.0469,0.0,0.0,141.0,0.8279215667096133,-0.4633800763694856,2015-08-12 07:26:02.037039,2015-08-12 07:26:06.799999,0.244443981480967,0.23496484730149236
2015-08-28 04:49:28.600000,1030.01,4.4340292004274415,4.74409,10.6434,-49.1472,91.6173,649.227,46.1623,6.12061,46.1917,1.0,0.0,926.0,0.8193225464595293,-0.38977721088604667,2015-08-28 04:49:28.600000,2015-08-28 04:49:34.720610,0.3635698073787242,
2015-08-28 20:01:19.100000,1170.01,6.9433912046869875,5.68661,7.87107,65.5175,-163.563,701.28,45.7286,6.10576,45.7414,1.0,0.0,397.0,0.8561867270024002,-0.2887864130195913,2015-08-28 20:01:12.994240,2015-08-28 20:01:19.100000,0.2758335013877106,0.2377813760618463
2015-08-28 20:01:23.199999,909.913,5.555242220256244,5.77832,7.846889999999998,65.7512,-163.781,701.362,45.7265,6.1054900000000005,45.7391,1.0,0.0,397.0,0.8889087922259051,0.11184725126811827,2015-08-28 20:01:17.094509,2015-08-28 20:01:23.199999,,0.22430118677087885
2015-08-29 01:09:08.500000,4040.02,12.94047637969793,4.8381,0.213475,59.2736,-29.0074,683.298,45.4283,6.05088,45.4502,2.0,0.0,663.0,0.8493900717064621,0.2475677759222367,2015-08-29 01:09:08.500000,2015-08-29 01:09:14.550880,0.09675573757352077,0.10746784551787147
2015-08-29 01:09:08.500000,3440.02,12.621843328497373,4.97012,0.243444,59.6309,-28.8304,683.329,45.4283,6.05088,45.4502,2.0,0.0,663.0,0.8493900717064621,-0.10257381241561793,2015-08-29 01:09:02.449120,2015-08-29 01:09:08.500000,0.09675573757352077,0.10746784551787147
2015-09-03 04:47:47.700000,240.001,2.4701174653105293,7.921839999999999,9.7073,71.8976,57.3645,698.6089999999998,46.2914,6.17766,46.3009,1.0,0.0,615.0,0.8856722015869716,-0.4651466452213467,2015-09-03 04:47:41.522340,2015-09-03 04:47:47.700000,0.3000000000000001,0.33
2015-10-08 05:39:44.200000,1770.01,10.234912569655368,6.985,10.2167,70.0033,46.9965,631.05,39.9379,5.27877,39.9474,1.0,0.0,2133.0,0.8184844183200353,0.11776646300982176,2015-10-08 05:39:38.921230,2015-10-08 05:39:44.200000,,0.54
2015-10-09 03:04:06.099999,2060.01,11.990801810747314,6.45298,23.6446,57.7855,-58.9276,616.9259999999998,40.4577,5.33844,40.4866,1.0,0.0,321.0,0.8844199189645805,-0.7010742050239579,2015-10-09 03:04:06.099999,2015-10-09 03:04:11.438439,0.15656249999999955,
2015-10-27 23:14:29.300000,220.001,2.7716136735439263,7.20303,12.7076,-62.758,-178.813,692.816,22.9559,3.0616,23.0105,1.0,4.0,34.0,0.8634808550866265,-0.11923117960200567,2015-10-27 23:14:29.300000,2015-10-27 23:14:32.361600,0.29790752752677696,
2015-10-27 23:14:29.100000,370.002,4.438777100464723,7.2766199999999985,12.7238,-62.9506,-178.708,692.6339999999999,22.956,3.06162,23.0105,1.0,4.0,34.0,0.8679607989241098,-0.213610428245256,2015-10-27 23:14:26.038380,2015-10-27 23:14:29.100000,,0.29375019530932633
2015-10-30 21:55:36.500000,190.001,2.7735125017987325,7.75593,7.575760000000002,72.0873,159.994,624.145,18.081,2.38752,18.1015,1.0,4.0,402.0,0.8132816866263238,0.2895828349653973,2015-10-30 21:55:36.500000,2015-10-30 21:55:38.887520,0.4750018750000001,0.2482154591842201
2015-10-30 23:33:03.299999,490.003,1.6892445760544568,6.70372,8.17089,71.0139,137.26,623.618,17.9496,2.37004,17.9733,1.0,0.0,100.0,0.8959147741254542,-0.2545328664765711,2015-10-30 23:33:03.299999,2015-10-30 23:33:05.670039,0.31238077460435976,0.3252312849380932
2015-10-30 21:55:36.600000,380.002,3.4066571010128146,7.66217,7.59138,71.9575,160.17700000000005,624.312,18.081,2.38753,18.1015,1.0,0.0,402.0,0.816254745552323,0.2362172136777748,2015-10-30 21:55:34.212470,2015-10-30 21:55:36.600000,0.2708333333333334,0.24821545918422025
2015-10-30 22:57:08.400000,120.001,2.3094145482287,5.744,12.4435,-60.0372,-176.236,683.0089999999999,17.7919,2.3698200000000003,17.8695,1.0,0.0,238.0,0.8212981289230186,-0.2466924181090614,2015-10-30 22:57:06.030180,2015-10-30 22:57:08.400000,,0.5000002222174075
2015-10-30 23:32:31.600000,190.001,2.523580196528433,5.68509,8.33362,69.081,139.856,622.945,17.9332,2.36764,17.9626,1.0,0.0,100.0,0.8580155191824587,-0.16977939796764016,2015-10-30 23:32:29.232360,2015-10-30 23:32:31.600000,0.2166655000083332,0.13333375000000008
2015-10-30 23:33:04.500000,820.0039999999998,6.405072523256125,6.66173,8.17659,70.9451,137.329,623.865,17.9501,2.37012,17.9736,1.0,0.0,100.0,0.8583146431108638,-0.5500523928303518,2015-10-30 23:33:02.129880,2015-10-30 23:33:04.500000,0.275,0.3863095860257958
2016-06-06 05:27:45.799999,890.005,2.978606875913976,6.66091,9.8121,69.6173,48.4033,617.566,132.531,17.4868,132.543,1.0,0.0,992.0,0.8201163733545099,0.4003925875272309,2016-06-06 05:27:45.799999,2016-06-06 05:28:03.286799,0.3083333796268003,0.2964244898072158
2016-06-06 05:28:26.600000,960.005,5.623636174894696,7.981510000000001,9.77973,71.9107,45.0062,618.2909999999998,132.56799999999998,17.4929,132.578,1.0,0.0,992.0,0.8623390245777208,-0.19768115030442168,2016-06-06 05:28:26.600000,2016-06-06 05:28:44.092900,0.2647744318181817,0.4444433333333332
2016-06-06 05:27:16.699999,1980.01,11.397491146063325,5.44983,9.84158,66.9352,51.4103,617.202,132.502,17.4823,132.516,1.0,0.0,979.0,0.8088073578818122,-0.5562741294152701,2016-06-06 05:26:59.217699,2016-06-06 05:27:16.699999,0.2767857142857143,0.3643518518518518
2016-06-06 05:27:45.899999,1100.01,8.846181520211733,6.16828,9.82334,68.6193,49.5411,617.721,132.531,17.4868,132.543,1.0,0.0,992.0,0.86211397797694,-0.34216053740196883,2016-06-06 05:27:28.413199,2016-06-06 05:27:45.899999,0.36547533730390186,0.2964244898072158
2016-06-06 05:28:26.600000,490.003,3.1754454248049537,7.39157,9.79355,70.9296,46.4487,618.451,132.56799999999998,17.4929,132.578,1.0,0.0,992.0,0.8623390245777208,-0.331289612772406,2016-06-06 05:28:09.107100,2016-06-06 05:28:26.600000,0.2647744318181817,0.4444433333333332
2016-08-23 21:10:15.599999,720.0039999999998,3.7712492608764494,4.24881,8.07008,63.6411,177.71599999999995,665.13,8.819930000000003,1.17184,9.12782,1.0,0.0,928.0,0.8911622839972434,-0.27710206716296953,2016-08-23 21:10:15.599999,2016-08-23 21:10:16.771839,0.16507957041953922,0.1737161785029775
2016-08-23 21:10:47.200000,1370.01,6.151460334081357,4.79331,7.91569,65.4708,176.136,664.123,8.79637,1.16849,9.06284,1.0,0.0,881.0,0.8701935045629098,0.5439809186223703,2016-08-23 21:10:47.200000,2016-08-23 21:10:48.368490,0.2064684613252794,0.2035
2016-08-23 22:49:26.500000,430.002,3.812470641971664,5.55768,8.0171,68.6673,148.34799999999996,662.076,8.63947,1.14724,8.84019,1.0,0.0,395.0,0.836387204233907,0.2293825628454455,2016-08-23 22:49:26.500000,2016-08-23 22:49:27.647240,0.17777888888888888,
2016-08-23 22:49:49.500000,220.001,2.558402781722156,6.16535,7.9032,69.9623,146.694,661.3489999999998,8.62491,1.14514,8.7996,1.0,0.0,386.0,0.8542445384577456,0.37368672855059976,2016-08-23 22:49:49.500000,2016-08-23 22:49:50.645140,0.28330735375022936,0.2412237862616106
2016-08-23 21:10:02.600000,700.0039999999998,3.3466544488522945,4.03406,8.13273,62.8104,178.32,665.2719999999998,8.8296,1.1732200000000002,9.15538,1.0,0.0,928.0,0.8407505861312412,-0.04739535246030507,2016-08-23 21:10:01.426780,2016-08-23 21:10:02.600000,0.26507936507936514,0.3299988750078124
2016-08-23 21:10:15.500000,1110.01,5.1349880675559385,4.22639,8.07357,63.5614,177.73,664.799,8.82,1.17185,9.12803,1.0,0.0,928.0,0.9022834992493686,-0.21657682099409836,2016-08-23 21:10:14.328150,2016-08-23 21:10:15.500000,0.16507957041953922,0.1737161785029775
2016-08-23 22:49:17.899999,890.005,6.7840097757754325,5.31385,8.06299,68.1088,148.955,662.068,8.6448,1.148,8.85576,1.0,0.0,395.0,0.8272400839740519,-0.18510747813877965,2016-08-23 22:49:16.751999,2016-08-23 22:49:17.899999,0.2746108290545369,0.28734771214379584
2016-08-24 21:38:36.500000,1790.01,4.8583145321955525,7.770060000000001,7.32176,72.1564,161.306,657.681,6.83609,0.907137,7.01885,1.0,4.0,712.0,0.9366473980001478,0.35864352467151256,2016-08-24 21:38:36.500000,2016-08-24 21:38:37.407137,0.49,0.3964285714285712
2016-08-24 22:40:07.900000,1210.01,7.10004338831108,4.91987,12.0697,-57.6769,-175.699,700.577,8.87777,1.18567,9.40442,1.0,4.0,112.0,0.9376778584529964,-0.006280257006526104,2016-08-24 22:40:07.900000,2016-08-24 22:40:09.085670,0.4379694881814575,0.3414506902038942
2016-08-24 21:38:36.500000,2190.01,2.535419625090784,7.733689999999998,7.32668,72.1011,161.351,657.431,6.83609,0.907137,7.01885,1.0,4.0,712.0,0.9366473980001478,-0.6276671801239534,2016-08-24 21:38:35.592863,2016-08-24 21:38:36.500000,0.49,0.3964285714285712
2016-08-24 22:40:07.900000,1190.01,5.7993956717623805,4.9459,12.072,-57.7527,-175.709,700.289,8.87777,1.18567,9.40442,1.0,4.0,112.0,0.9376778584529964,0.3184854883808866,2016-08-24 22:40:06.714330,2016-08-24 22:40:07.900000,0.4379694881814575,0.3414506902038942
2016-08-30 22:45:58.299999,2020.01,6.684160130007433,7.22584,1.02396,67.5027,9.69708,622.9680000000002,-2.77326,-0.366226,3.49005,1.0,0.0,585.0,0.8125633464017458,0.2042502276758704,2016-08-30 22:45:58.299999,2016-08-30 22:45:57.933773,0.2545454545454546,0.34666666666666635
2016-08-30 22:46:36.600000,970.005,3.9700135806151744,5.80302,0.757309,65.278,7.496689999999999,621.751,-2.74802,-0.362845,3.608130000000001,1.0,0.0,588.0,0.8064391922401941,-0.1725533983905123,2016-08-30 22:46:36.600000,2016-08-30 22:46:36.237155,0.3416061476807396,0.18498358070459994
2016-08-30 22:45:58.299999,2270.01,6.842972269986168,7.2175600000000015,1.01918,67.4877,9.63384,623.231,-2.77326,-0.366226,3.49005,1.0,0.0,585.0,0.8125633464017458,-0.03716904804249552,2016-08-30 22:45:58.666225,2016-08-30 22:45:58.299999,0.2545454545454546,0.34666666666666635
2016-08-30 22:46:36.600000,1080.01,3.7624395705845854,5.79724,0.752685,65.263,7.436160000000001,621.993,-2.74802,-0.362845,3.608130000000001,1.0,0.0,588.0,0.8064391922401941,-0.1211330558454154,2016-08-30 22:46:36.962845,2016-08-30 22:46:36.600000,0.3416061476807396,0.18498358070459994
2016-09-25 21:45:49.799999,680.0039999999998,3.8805828406816723,5.11571,12.3997,-62.3351,-159.856,694.08,-7.06953,-0.943207,7.563280000000002,1.0,0.0,108.0,0.9175690258876104,0.29042887802574385,2016-09-25 21:45:49.799999,2016-09-25 21:45:48.856792,0.26249791666666666,0.3157893905821548
2016-09-25 23:59:57.399999,1430.01,4.80841655702536,6.22596,8.2557,70.1191,128.747,617.308,-6.83,-0.901175,7.067080000000002,1.0,0.0,674.0,0.8473945822608908,0.4524608339020802,2016-09-25 23:59:57.399999,2016-09-25 23:59:56.498824,0.17548157950176446,0.22941250723189405
2016-09-25 21:45:49.799999,830.005,5.169914002785736,5.10666,12.3928,-62.2867,-159.936,693.5260000000002,-7.06953,-0.943207,7.563280000000002,1.0,0.0,108.0,0.9175690258876104,0.2348083766269857,2016-09-25 21:45:50.743206,2016-09-25 21:45:49.799999,0.26249791666666666,0.3157893905821548
2016-09-25 23:59:57.399999,1400.01,4.98644300346032,6.24946,8.250060000000001,70.1644,128.643,617.876,-6.83,-0.901175,7.067080000000002,1.0,0.0,674.0,0.8473945822608908,-0.16519247586555794,2016-09-25 23:59:58.301174,2016-09-25 23:59:57.399999,0.17548157950176446,0.22941250723189405
2016-09-26 04:18:58.000000,440.002,3.165911672192749,7.271260000000002,10.7611,-54.4007,97.684,685.49,-7.17085,-0.955742,7.92669,1.0,0.0,306.0,0.8346537879969594,0.2545291258373231,2016-09-26 04:18:58.000000,2016-09-26 04:18:57.044258,0.33286797202797197,0.4133601507991249
2016-09-26 04:52:00.900002,360.0019999999999,4.666680370350308,5.18052,9.82131,66.3272,59.8382,616.242,-6.99983,-0.923517,7.32788,1.0,0.0,338.0,0.9296454395920056,-0.03223450629316764,2016-09-26 04:52:00.900002,2016-09-26 04:51:59.976485,0.2769332543595818,0.2595238095238096
2016-09-26 04:18:58.000000,650.004,5.4575487399137215,7.2402,10.7556,-54.3505,97.6154,684.944,-7.17085,-0.955742,7.92669,1.0,0.0,306.0,0.8346537879969594,-0.5459140671850278,2016-09-26 04:18:58.955742,2016-09-26 04:18:58.000000,0.33286797202797197,0.4133601507991249
2016-09-26 04:52:00.900002,260.001,3.7458229407248296,5.19869,9.81828,66.3751,59.7491,616.802,-6.99983,-0.923517,7.32788,1.0,0.0,338.0,0.9296454395920056,0.2063980664142489,2016-09-26 04:52:01.823519,2016-09-26 04:52:00.900002,0.2769332543595818,0.2595238095238096
2016-09-28 21:25:19.000000,1490.01,8.084645311735644,4.86576,12.4127,-62.9721,-154.33700000000005,688.706,-6.6666,-0.888747,7.23595,1.0,0.0,659.0,0.8155217644482168,0.16168582432957818,2016-09-28 21:25:19.000000,2016-09-28 21:25:18.111253,0.4361111111111111,0.28
2016-09-28 21:25:24.100000,1550.01,3.566580474902412,4.7998,12.3887,-62.6767,-154.562,688.342,-6.6718600000000015,-0.889417,7.25206,1.0,0.0,659.0,0.8302184281948911,0.2525298137711484,2016-09-28 21:25:24.100000,2016-09-28 21:25:23.210583,0.2328947368421053,0.22070512820512814
2016-09-28 22:00:19.699999,830.005,10.18089838383096,4.29501,8.17561,64.8008,164.041,617.012,-6.21596,-0.820208,6.6981899999999985,1.0,0.0,378.0,0.8359483645408894,0.1406084573892903,2016-09-28 22:00:19.699999,2016-09-28 22:00:18.879791,0.21105040134226352,0.3277776388900461
2016-09-28 22:00:30.699999,750.0039999999998,10.90795266566504,4.48577,8.126339999999999,65.4453,163.467,617.246,-6.20158,-0.8183279999999999,6.6604600000000005,1.0,0.0,346.0,0.8975533351907166,0.2396658059771359,2016-09-28 22:00:30.699999,2016-09-28 22:00:29.881671,0.21428564625882732,0.2184619605515854
2016-09-28 22:00:35.500000,650.004,9.178033788967985,4.57653,8.10341,65.7259,163.207,617.281,-6.19506,-0.817475,6.6437300000000015,1.0,0.0,346.0,0.8905260609910985,0.2151632825365877,2016-09-28 22:00:35.500000,2016-09-28 22:00:34.682525,0.15683394190271174,0.4771435142827142
2016-09-28 22:01:16.699999,1710.01,4.622177171727609,5.45118,7.901960000000001,68.1165,160.751,618.258,-6.14214,-0.810562,6.50905,1.0,0.0,346.0,0.913390015636502,-0.027540681076514032,2016-09-28 22:01:16.699999,2016-09-28 22:01:15.889437,0.295910608909928,0.2862845737097234
2016-09-28 23:39:17.000000,570.003,4.3709717664196415,5.70247,8.24109,69.1027,135.14600000000002,618.814,-6.02799,-0.795534,6.3499,1.0,0.0,431.0,0.8444129703062015,0.2375929938789667,2016-09-28 23:39:17.000000,2016-09-28 23:39:16.204466,0.17843167371152965,0.1558648927639771
2016-09-28 23:39:34.799999,860.005,2.993452709383241,6.20119,8.16193,70.1158,133.829,619.183,-6.00398,-0.792399,6.29563,1.0,0.0,430.0,0.9421906409701842,-0.38456920212809576,2016-09-28 23:39:34.799999,2016-09-28 23:39:34.007600,0.4238325410541889,0.37074721522076654
2016-09-28 23:39:40.600000,690.0039999999998,3.5429277443337943,6.38112,8.13435,70.4439,133.371,619.304,-5.9964900000000005,-0.7914220000000001,6.27874,1.0,0.0,430.0,0.8973939267412173,0.4149727176843259,2016-09-28 23:39:40.600000,2016-09-28 23:39:39.808578,0.12941088583243596,0.4084966529974983
2016-09-28 23:39:47.899999,450.002,3.9272034341435456,6.60031,8.101469999999999,70.8552,132.77700000000002,619.547,-5.98723,-0.790215,6.25792,1.0,0.0,430.0,0.9306255603964384,0.5994250838073851,2016-09-28 23:39:47.899999,2016-09-28 23:39:47.109784,0.2125,0.2272724793410968
2016-09-28 23:40:02.100000,870.005,2.086992141244643,7.10035,8.02835,71.65,131.547,619.837,-5.96752,-0.787643,6.21549,1.0,0.0,430.0,0.9509380000538328,0.1591326643632602,2016-09-28 23:40:02.100000,2016-09-28 23:40:01.312357,0.2328946952910774,0.1972230401219993
2016-09-28 21:25:19.000000,1760.01,1.5075524400754696,4.85852,12.406,-62.9274,-154.42,688.163,-6.6666,-0.888747,7.23595,1.0,0.0,659.0,0.8155217644482168,-0.07261299514438632,2016-09-28 21:25:19.888747,2016-09-28 21:25:19.000000,0.4361111111111111,0.28
2016-09-28 21:25:24.100000,2280.01,4.768306028634158,4.792669999999998,12.3821,-62.6319,-154.644,687.8430000000002,-6.6718600000000015,-0.889417,7.25206,1.0,0.0,659.0,0.8302184281948911,-0.17828392204137955,2016-09-28 21:25:24.989417,2016-09-28 21:25:24.100000,0.2328947368421053,0.22070512820512814
2016-09-28 22:00:19.699999,870.005,3.7524045314268295,4.307180000000002,8.169830000000001,64.8424,163.958,617.55,-6.21596,-0.820208,6.6981899999999985,1.0,0.0,378.0,0.8359483645408894,0.004270933080475765,2016-09-28 22:00:20.520207,2016-09-28 22:00:19.699999,0.21105040134226352,0.3277776388900461
2016-09-28 22:00:30.699999,820.0039999999998,3.1031293572568366,4.49777,8.12049,65.4867,163.382,617.786,-6.20158,-0.8183279999999999,6.6604600000000005,1.0,0.0,346.0,0.8975533351907166,0.3678081997498716,2016-09-28 22:00:31.518327,2016-09-28 22:00:30.699999,0.21428564625882732,0.2184619605515854
2016-09-28 22:00:35.500000,800.0039999999998,2.7950891645004474,4.58985,8.09753,65.7672,163.122,617.939,-6.19506,-0.817475,6.6437300000000015,1.0,0.0,346.0,0.8905260609910985,-0.479058970376159,2016-09-28 22:00:36.317475,2016-09-28 22:00:35.500000,0.15683394190271174,0.4771435142827142
2016-09-28 22:01:16.699999,1930.01,4.822753035853588,5.46743,7.89578,68.1568,160.658,618.95,-6.14214,-0.810562,6.50905,1.0,0.0,346.0,0.913390015636502,-0.2539238455732262,2016-09-28 22:01:17.510561,2016-09-28 22:01:16.699999,0.295910608909928,0.2862845737097234
2016-09-28 23:39:17.000000,520.003,2.634832199108209,5.72058,8.23582,69.1422,135.05200000000002,619.431,-6.02799,-0.795534,6.3499,1.0,0.0,431.0,0.8444129703062015,-0.15363093432862568,2016-09-28 23:39:17.795534,2016-09-28 23:39:17.000000,0.17843167371152965,0.1558648927639771
2016-09-28 23:39:34.799999,1150.01,6.714080028126081,6.22139,8.15654,70.1547,133.731,619.8009999999998,-6.00398,-0.792399,6.29563,1.0,0.0,430.0,0.9421906409701842,-0.18138233343303625,2016-09-28 23:39:35.592398,2016-09-28 23:39:34.799999,0.4238325410541889,0.37074721522076654
2016-09-28 23:39:40.600000,740.0039999999998,3.9524322845826223,6.40203,8.128919999999999,70.4826,133.27200000000002,619.922,-5.9964900000000005,-0.7914220000000001,6.27874,1.0,0.0,430.0,0.8973939267412173,0.4796078151145963,2016-09-28 23:39:41.391422,2016-09-28 23:39:40.600000,0.12941088583243596,0.4084966529974983
2016-09-28 23:39:47.899999,520.003,2.634832199108209,6.6231800000000005,8.09598,70.8937,132.67600000000002,620.1659999999998,-5.98723,-0.790215,6.25792,1.0,0.0,430.0,0.9306255603964384,-0.20317993730067194,2016-09-28 23:39:48.690214,2016-09-28 23:39:47.899999,0.2125,0.2272724793410968
2016-09-28 23:40:02.100000,990.005,3.91965768215427,7.1242100000000015,8.02275,71.688,131.441,620.456,-5.96752,-0.787643,6.21549,1.0,0.0,430.0,0.9509380000538328,-0.4782958912823995,2016-09-28 23:40:02.887643,2016-09-28 23:40:02.100000,0.2328946952910774,0.1972230401219993
2016-09-29 02:53:58.899999,800.0039999999998,5.701981448368436,5.05141,9.29182,66.5458,89.1272,617.78,-5.9971,-0.7913899999999999,6.40246,1.0,0.0,584.0,0.9438198902516204,0.4205896559486675,2016-09-29 02:53:58.899999,2016-09-29 02:53:58.108609,0.29525693941466424,0.2865148686418812
2016-09-29 02:54:08.699999,900.005,5.902933524742781,5.26427,9.27311,67.1148,88.5474,618.02,-5.98436,-0.7897270000000001,6.37115,1.0,0.0,584.0,0.9177713354458116,0.31823381666659745,2016-09-29 02:54:08.699999,2016-09-29 02:54:07.910272,0.2330003484539889,0.24146156304354394
2016-09-29 02:54:18.399999,1460.01,8.193328170280644,5.49397,9.25357,67.6761,87.9477,618.262,-5.9718800000000005,-0.788096,6.3407,1.0,0.0,584.0,0.8263732551004529,-0.09355318077351343,2016-09-29 02:54:18.399999,2016-09-29 02:54:17.611903,0.5417114244321587,0.21381578947368424
2016-09-29 02:54:26.500000,1600.01,6.4826963791155485,5.68752,9.23746,68.1433,87.4277,618.489,-5.9621,-0.78682,6.31666,1.0,0.0,584.0,0.8077038857372721,-0.34247478907673284,2016-09-29 02:54:26.500000,2016-09-29 02:54:25.713180,0.3460351280719172,0.4085930512820512
2016-09-29 02:54:34.100000,1160.01,5.3944913153440925,5.89325,9.22067,68.5802,86.9195,618.611,-5.95224,-0.785532,6.2931300000000014,1.0,0.0,592.0,0.8903418880943549,0.1495740935183572,2016-09-29 02:54:34.100000,2016-09-29 02:54:33.314468,0.2872551987679519,0.18055356927991603
2016-09-29 02:54:37.200000,1090.01,5.36386964022824,5.97011,9.21456,68.758,86.7079,618.763,-5.948180000000002,-0.7850020000000001,6.28348,1.0,0.0,592.0,0.8353314101885301,-0.3703350322837866,2016-09-29 02:54:37.200000,2016-09-29 02:54:36.414998,0.3128311982273618,0.2450000249998749
2016-09-29 02:54:41.500000,1110.01,5.600073390500448,6.07999,9.20579,69.0042,86.4098,618.776,-5.94215,-0.7842140000000001,6.2696,1.0,0.0,592.0,0.9017365142787656,0.29577699283764874,2016-09-29 02:54:41.500000,2016-09-29 02:54:40.715786,0.24514997508514336,0.2610049997126581
2016-09-29 02:54:44.100000,910.005,4.832611269446796,6.160069999999998,9.19953,69.1529,86.2241,618.8580000000002,-5.9385,-0.783738,6.26121,1.0,0.0,592.0,0.8934753334374506,-0.04994986825324047,2016-09-29 02:54:44.100000,2016-09-29 02:54:43.316262,0.2484475889550465,0.2828743307068241
2016-09-29 02:55:38.600000,930.005,2.4886877468581354,7.901110000000001,9.06938,72.2203,81.7388,620.27,-5.8669,-0.774396,6.1001,1.0,0.0,598.0,0.9323412609331204,-0.3075286078029264,2016-09-29 02:55:38.600000,2016-09-29 02:55:37.825604,0.1318688757394173,0.1416666666666667
2016-09-29 04:31:22.199999,600.003,4.776693338493037,4.83292,9.76253,65.3898,65.7931,617.319,-6.05422,-0.798901,6.49865,1.0,0.0,766.0,0.9171897774408604,0.0898614965327634,2016-09-29 04:31:22.199999,2016-09-29 04:31:21.401098,0.27072109739399874,0.2611834177809789
2016-09-29 04:31:55.600000,850.005,5.965602583717568,5.54411,9.73028,67.3341,63.8867,618.168,-6.01164,-0.793338,6.39111,1.0,0.0,722.0,0.9090429859920302,0.2743164129558128,2016-09-29 04:31:55.600000,2016-09-29 04:31:54.806662,0.32666648889007405,0.3564593439938834
2016-09-29 04:32:03.700000,1330.01,7.4662249254553466,5.73891,9.72187,67.8022,63.3807,618.3240000000002,-6.00215,-0.7921,6.36716,1.0,0.0,722.0,0.8949607907639194,0.07889709548439508,2016-09-29 04:32:03.700000,2016-09-29 04:32:02.907900,0.31522226985134755,0.2882376044164405
2016-09-29 04:32:06.500000,1410.01,7.5120274481998495,5.81567,9.71866,67.9638,63.2004,618.464,-5.99892,-0.791679,6.35898,1.0,0.0,722.0,0.9116506324061172,-0.42892621989395024,2016-09-29 04:32:06.500000,2016-09-29 04:32:05.708321,0.4666711999712005,0.3453566025613212
2016-09-29 04:32:24.399999,1120.01,4.9230871764690365,6.29953,9.69857,68.9918,61.9948,618.847,-5.97582,-0.788664,6.30334,1.0,0.0,722.0,0.8440390129433915,0.400131239109448,2016-09-29 04:32:24.399999,2016-09-29 04:32:23.611335,0.2727254442802322,0.33830629050891514
2016-09-29 02:53:58.899999,890.005,6.572039415138447,5.06618,9.28817,66.5857,89.04299999999998,618.394,-5.9971,-0.7913899999999999,6.40246,1.0,0.0,584.0,0.9438198902516204,-0.23089428732301984,2016-09-29 02:53:59.691389,2016-09-29 02:53:58.899999,0.29525693941466424,0.2865148686418812
2016-09-29 02:54:08.699999,1060.01,7.5760716931527,5.28118,9.26944,67.1545,88.4616,618.634,-5.98436,-0.7897270000000001,6.37115,1.0,0.0,584.0,0.9177713354458116,-0.2471519592499385,2016-09-29 02:54:09.489726,2016-09-29 02:54:08.699999,0.2330003484539889,0.24146156304354394
2016-09-29 02:54:18.399999,1420.01,8.643604689790362,5.51051,9.24987,67.7156,87.8602,618.877,-5.9718800000000005,-0.788096,6.3407,1.0,0.0,584.0,0.8263732551004529,-0.7485166100737367,2016-09-29 02:54:19.188095,2016-09-29 02:54:18.399999,0.5417114244321587,0.21381578947368424
2016-09-29 02:54:26.500000,1490.01,6.553882525210077,5.70486,9.23374,68.1825,87.3386,619.105,-5.9621,-0.78682,6.31666,1.0,0.0,584.0,0.8077038857372721,-0.050693455619627584,2016-09-29 02:54:27.286820,2016-09-29 02:54:26.500000,0.3460351280719172,0.4085930512820512
2016-09-29 02:54:34.100000,1010.01,5.273740653153885,5.91175,9.21694,68.6192,86.8288,619.227,-5.95224,-0.785532,6.2931300000000014,1.0,0.0,592.0,0.8903418880943549,-0.485335192999786,2016-09-29 02:54:34.885532,2016-09-29 02:54:34.100000,0.2872551987679519,0.18055356927991603
2016-09-29 02:54:37.200000,890.005,4.568609829608159,5.98862,9.21082,68.7969,86.6166,619.379,-5.948180000000002,-0.7850020000000001,6.28348,1.0,0.0,592.0,0.8353314101885301,-0.5660822102789876,2016-09-29 02:54:37.985002,2016-09-29 02:54:37.200000,0.3128311982273618,0.2450000249998749
2016-09-29 02:54:41.500000,950.005,5.335104170464022,6.09893,9.20204,69.0431,86.3176,619.393,-5.94215,-0.7842140000000001,6.2696,1.0,0.0,592.0,0.9017365142787656,0.07986403796957403,2016-09-29 02:54:42.284214,2016-09-29 02:54:41.500000,0.24514997508514336,0.2610049997126581
2016-09-29 02:54:44.100000,1000.01,6.300048499836251,6.17941,9.19577,69.1916,86.1313,619.474,-5.9385,-0.783738,6.26121,1.0,0.0,592.0,0.8934753334374506,-0.3117671367044255,2016-09-29 02:54:44.883738,2016-09-29 02:54:44.100000,0.2484475889550465,0.2828743307068241
2016-09-29 02:55:38.600000,820.0039999999998,1.8883755944066205,7.92705,9.06543,72.2574,81.6308,620.889,-5.8669,-0.774396,6.1001,1.0,0.0,598.0,0.9323412609331204,-0.3726201594883696,2016-09-29 02:55:39.374396,2016-09-29 02:55:38.600000,0.1318688757394173,0.1416666666666667
2016-09-29 04:31:22.199999,590.003,5.2075692374491735,4.84689,9.75942,65.4303,65.7115,617.93,-6.05422,-0.798901,6.49865,1.0,0.0,766.0,0.9171897774408604,0.03538196398274606,2016-09-29 04:31:22.998900,2016-09-29 04:31:22.199999,0.27072109739399874,0.2611834177809789
2016-09-29 04:31:55.600000,770.0039999999998,5.6980482110488335,5.56154,9.72716,67.3739,63.7999,618.783,-6.01164,-0.793338,6.39111,1.0,0.0,722.0,0.9090429859920302,0.1451650890666432,2016-09-29 04:31:56.393338,2016-09-29 04:31:55.600000,0.32666648889007405,0.3564593439938834
2016-09-29 04:32:03.700000,1370.01,7.945565567016931,5.75666,9.71875,67.8419,63.2923,618.94,-6.00215,-0.7921,6.36716,1.0,0.0,722.0,0.8949607907639194,0.13369557195871362,2016-09-29 04:32:04.492100,2016-09-29 04:32:03.700000,0.31522226985134755,0.2882376044164405
2016-09-29 04:32:06.500000,1250.01,7.0660592425449575,5.8338800000000015,9.71553,68.0033,63.1115,619.0790000000002,-5.99892,-0.791679,6.35898,1.0,0.0,722.0,0.9116506324061172,-0.17381097700787285,2016-09-29 04:32:07.291679,2016-09-29 04:32:06.500000,0.4666711999712005,0.3453566025613212
2016-09-29 04:32:24.399999,1370.01,7.176637937795364,6.31967,9.69543,69.0309,61.9022,619.464,-5.97582,-0.788664,6.30334,1.0,0.0,722.0,0.8440390129433915,-0.06660840713796114,2016-09-29 04:32:25.188663,2016-09-29 04:32:24.399999,0.2727254442802322,0.33830629050891514
2016-09-30 01:43:10.300000,870.005,6.0145662006046985,6.62821,8.76671,70.4416,102.495,620.289,-5.61532,-0.741218,5.89067,1.0,0.0,663.0,0.8026281654369091,0.4853803782143982,2016-09-30 01:43:10.300000,2016-09-30 01:43:09.558782,0.3249996142024175,0.36711113965447656
2016-09-30 01:55:34.899999,2550.01,7.589823525959692,6.8750399999999985,23.9623,61.0263,-43.1857,642.605,-4.7247900000000005,-0.625787,5.47358,1.0,4.0,477.0,0.8828516797378089,-0.3068061996701101,2016-09-30 01:55:34.899999,2016-09-30 01:55:34.274212,0.19117874593535614,0.18241567222218524
2016-09-30 01:43:10.300000,790.0039999999998,5.625447764766254,6.64981,8.76254,70.4778,102.401,620.891,-5.61532,-0.741218,5.89067,1.0,0.0,663.0,0.8026281654369091,0.4395469491454869,2016-09-30 01:43:11.041218,2016-09-30 01:43:10.300000,0.3249996142024175,0.36711113965447656
2016-09-30 01:55:34.899999,3120.02,11.135965552523725,6.8606,23.9552,60.9957,-43.2522,643.0740000000002,-4.7247900000000005,-0.625787,5.47358,1.0,4.0,477.0,0.8828516797378089,-0.5079481207239106,2016-09-30 01:55:35.525786,2016-09-30 01:55:34.899999,0.19117874593535614,0.18241567222218524
2016-10-14 02:03:15.300000,1670.01,9.363294985746302,4.8317,20.6874,-73.8517,-88.2185,686.023,-2.66305,-0.35480900000000004,3.05784,0.0,0.0,748.0,0.9321699179929744,0.028852674134025282,2016-10-14 02:03:15.300000,2016-10-14 02:03:14.945191,0.1407967032967033,0.3073758865248227
2016-10-14 02:03:15.300000,1710.01,9.033310563678846,4.8386,20.6845,-73.8648,-88.2926,685.683,-2.66305,-0.35480900000000004,3.05784,0.0,0.0,748.0,0.9321699179929744,-0.05242631612082647,2016-10-14 02:03:15.654809,2016-10-14 02:03:15.300000,0.1407967032967033,0.3073758865248227
2016-10-23 22:59:41.799999,830.005,5.279677932161679,6.61245,7.90522,70.7164,142.85,665.9889999999998,2.71865,0.361204,3.22457,1.0,0.0,479.0,0.8983737215309494,-0.3170466785573988,2016-10-23 22:59:41.799999,2016-10-23 22:59:42.161203,0.2421583354471654,0.2936232497386933
2016-10-23 22:59:43.200000,820.0039999999998,4.8700405080728535,6.67542,7.89491,70.7943,142.735,666.023,2.7188,0.361227,3.22043,1.0,0.0,479.0,0.9013525070888376,-0.3710674299982159,2016-10-23 22:59:43.200000,2016-10-23 22:59:43.561227,0.32748682778979576,0.35694444444444445
2016-10-23 22:59:52.799999,730.0039999999998,4.56461564309938,6.9777,7.84766,71.3263,141.937,666.529,2.72007,0.361418,3.1920900000000003,1.0,0.0,479.0,0.8768866868922759,-0.1846433647793785,2016-10-23 22:59:52.799999,2016-10-23 22:59:53.161417,0.399166681944234,0.36099481475403694
2016-10-23 23:10:33.100000,1470.01,10.887213704191401,7.0470000000000015,0.946964,66.7595,2.03462,689.5189999999999,2.57786,0.34367800000000004,3.41701,0.0,4.0,476.0,0.8342895332191875,-0.3809893965332361,2016-10-23 23:10:33.100000,2016-10-23 23:10:33.443678,0.4987957536832751,0.5165185080269186
2016-10-23 23:10:58.299999,1260.01,10.432140467161316,6.13421,0.769827,65.3188,0.663441,689.938,2.56089,0.341447,3.50234,1.0,4.0,476.0,0.9290847185231093,-0.34310362818026297,2016-10-23 23:10:58.299999,2016-10-23 23:10:58.641446,0.2543663596015902,0.25702924880217604
2016-10-23 22:59:41.799999,1180.01,5.2565232350663305,6.596139999999999,7.905480000000002,70.6905,142.839,666.066,2.71865,0.361204,3.22457,1.0,0.0,479.0,0.8983737215309494,0.0009343913206830244,2016-10-23 22:59:41.438795,2016-10-23 22:59:41.799999,0.2421583354471654,0.2936232497386933
2016-10-23 22:59:43.200000,1300.01,5.1834455812948805,6.6607699999999985,7.895189999999999,70.7684,142.724,666.133,2.7188,0.361227,3.22043,1.0,0.0,479.0,0.9013525070888376,-0.00019256153006630918,2016-10-23 22:59:42.838773,2016-10-23 22:59:43.200000,0.32748682778979576,0.35694444444444445
2016-10-23 22:59:52.799999,1260.01,5.273987697505807,6.95978,7.848039999999999,71.3005,141.928,666.6239999999998,2.72007,0.361418,3.1920900000000003,1.0,0.0,479.0,0.8768866868922759,0.12208443819514993,2016-10-23 22:59:52.438581,2016-10-23 22:59:52.799999,0.399166681944234,0.36099481475403694
2016-10-23 23:10:33.100000,1670.01,10.725220571214207,7.06837,0.947305,66.7852,2.01021,689.2360000000001,2.57786,0.34367800000000004,3.41701,0.0,4.0,476.0,0.8342895332191875,-0.005965096351623511,2016-10-23 23:10:32.756322,2016-10-23 23:10:33.100000,0.4987957536832751,0.5165185080269186
2016-10-23 23:10:58.299999,1300.01,9.735385505811363,6.15054,0.769799,65.3446,0.636347,689.743,2.56089,0.341447,3.50234,1.0,4.0,476.0,0.9290847185231093,-0.3573429913837946,2016-10-23 23:10:57.958552,2016-10-23 23:10:58.299999,0.2543663596015902,0.25702924880217604
2016-10-24 00:37:13.599999,920.005,6.463960547845107,6.32061,8.44788,70.0925,119.296,665.5110000000002,2.58443,0.343354,3.15088,1.0,0.0,292.0,0.9147901261720606,-0.33590266914587186,2016-10-24 00:37:13.599999,2016-10-24 00:37:13.943353,0.4217265911083202,0.3993640908265296
2016-10-24 00:37:13.599999,1060.01,6.313406028044327,6.30832,8.44744,70.0674,119.281,665.638,2.58443,0.343354,3.15088,1.0,0.0,292.0,0.9147901261720606,-0.04401330630433447,2016-10-24 00:37:13.256645,2016-10-24 00:37:13.599999,0.4217265911083202,0.3993640908265296
2016-10-25 01:03:07.299999,460.002,4.438220292580387,6.6737199999999985,8.54922,70.6115,112.128,668.2660000000002,3.12665,0.415551,3.57191,1.0,0.0,524.0,0.8596599818425836,-0.16908251507797295,2016-10-25 01:03:07.299999,2016-10-25 01:03:07.715550,0.4884944230769229,0.5041404311772849
2016-10-25 02:40:30.300000,1880.01,7.672515342763308,6.33119,9.15389,69.4937,89.2129,667.45,2.98612,0.396832,3.51093,1.0,0.0,811.0,0.8354042610075451,-0.22588207275119576,2016-10-25 02:40:30.300000,2016-10-25 02:40:30.696832,0.22732843137254896,0.12771739130434784
2016-10-25 04:17:31.000000,680.0039999999998,2.6679082821846403,5.442080000000002,9.75643,67.0949,67.5417,665.4,2.9988,0.398419,3.65597,1.0,0.0,319.0,0.9235474412975688,0.3458776016544002,2016-10-25 04:17:31.000000,2016-10-25 04:17:31.398419,0.5083321875039062,0.5436352396705485
2016-10-25 04:17:33.799999,1610.01,8.748053509156598,5.51463,9.75299,67.2551,67.3782,665.4680000000002,2.99975,0.398552,3.64763,1.0,0.0,319.0,0.8458340385596409,0.024949585791585408,2016-10-25 04:17:33.799999,2016-10-25 04:17:34.198551,0.2272479254291236,0.25215856942785064
2016-10-25 23:50:06.200000,1770.01,6.9758543849212336,4.9356800000000005,8.41571,67.0826,134.401,667.185,3.24152,0.430779,3.899480000000001,1.0,0.0,379.0,0.8025970452612972,0.3790504266213218,2016-10-25 23:50:06.200000,2016-10-25 23:50:06.630779,0.1950892857142857,0.2953623188405798
2016-10-25 01:03:07.299999,600.003,4.389395972114501,6.6585600000000005,8.54902,70.5826,112.121,668.3989999999999,3.12665,0.415551,3.57191,1.0,0.0,524.0,0.8596599818425836,-0.3397222438350307,2016-10-25 01:03:06.884448,2016-10-25 01:03:07.299999,0.4884944230769229,0.5041404311772849
2016-10-25 02:40:30.300000,1840.01,7.254739361839232,6.31715,9.15292,69.4655,89.2005,667.4989999999998,2.98612,0.396832,3.51093,1.0,0.0,811.0,0.8354042610075451,-0.3998148241740348,2016-10-25 02:40:29.903168,2016-10-25 02:40:30.300000,0.22732843137254896,0.12771739130434784
2016-10-25 04:17:31.000000,650.004,8.870329931777551,5.43136,9.75472,67.0662,67.5229,665.449,2.9988,0.398419,3.65597,1.0,0.0,319.0,0.9235474412975688,0.1200257860350809,2016-10-25 04:17:30.601581,2016-10-25 04:17:31.000000,0.5083321875039062,0.5436352396705485
2016-10-25 04:17:33.799999,1760.01,2.7287805716745086,5.50359,9.75129,67.2264,67.3597,665.6510000000002,2.99975,0.398552,3.64763,1.0,0.0,319.0,0.8458340385596409,0.5401533624013446,2016-10-25 04:17:33.401447,2016-10-25 04:17:33.799999,0.2272479254291236,0.25215856942785064
2016-10-25 23:50:06.200000,1760.01,2.5916576678709435,4.924919999999998,8.41537,67.0518,134.38299999999998,667.336,3.24152,0.430779,3.899480000000001,1.0,0.0,379.0,0.8025970452612972,-0.37142468268191203,2016-10-25 23:50:05.769221,2016-10-25 23:50:06.200000,0.1950892857142857,0.2953623188405798
2016-10-26 03:05:40.600000,790.0039999999998,3.375266408689648,5.501530000000002,9.36512,67.5684,85.0343,667.9060000000002,3.25018,0.431971,3.94012,1.0,0.0,846.0,0.8795808549090595,-0.05170147819456231,2016-10-26 03:05:40.600000,2016-10-26 03:05:41.031971,0.4033599950374823,0.18724349013029853
2016-10-26 03:06:14.500000,1310.01,6.04655767982158,6.38705,9.30002,69.4885,82.781,669.692,3.2582,0.43313,3.82977,1.0,0.0,846.0,0.9174105268249372,-0.34031469402334,2016-10-26 03:06:14.500000,2016-10-26 03:06:14.933130,0.1775699651795291,0.2803840054644808
2016-10-26 03:06:32.299999,2380.01,8.304113974790274,6.9341800000000005,9.2622,70.4846,81.4401,670.6260000000002,3.26181,0.433657,3.77438,1.0,0.0,812.0,0.8708599067602223,-0.3170322514777349,2016-10-26 03:06:32.299999,2016-10-26 03:06:32.733656,0.3264864864864864,0.4033294341397872
2016-10-26 04:42:55.299999,1280.01,7.247886905837299,5.07056,9.9057,65.9494,62.235,666.562,3.32833,0.442288,4.00689,1.0,0.0,411.0,0.8498583081087894,0.5142059956799369,2016-10-26 04:42:55.299999,2016-10-26 04:42:55.742287,0.2629024169030265,0.2872864547413793
2016-10-26 04:43:05.700000,850.005,3.7962935393194512,5.28594,9.89733,66.5472,61.6589,667.1080000000002,3.33191,0.442794,3.97576,1.0,0.0,411.0,0.8818685611723797,-0.25338711745056325,2016-10-26 04:43:05.700000,2016-10-26 04:43:06.142794,0.2430790499220176,0.20978263726607632
2016-10-26 03:05:40.600000,870.005,3.966881099822572,5.48958,9.3637,67.5373,85.0148,667.987,3.25018,0.431971,3.94012,1.0,0.0,846.0,0.8795808549090595,-0.5320166877420193,2016-10-26 03:05:40.168029,2016-10-26 03:05:40.600000,0.4033599950374823,0.18724349013029853
2016-10-26 03:06:14.500000,1760.01,9.120745026791994,6.37108,9.2988,69.4578,82.7675,669.778,3.2582,0.43313,3.82977,1.0,0.0,846.0,0.9174105268249372,-0.48796570096773206,2016-10-26 03:06:14.066870,2016-10-26 03:06:14.500000,0.1775699651795291,0.2803840054644808
2016-10-26 03:06:32.299999,2659.75,10.176997126751381,6.91797,9.26111,70.4542,81.4304,670.633,3.26181,0.433657,3.77438,1.0,0.0,812.0,0.8708599067602223,0.3813770568797095,2016-10-26 03:06:31.866342,2016-10-26 03:06:32.299999,0.3264864864864864,0.4033294341397872
2016-10-26 04:42:55.299999,1610.01,9.3154991205021,5.05989,9.9038,65.9178,62.2154,666.7280000000002,3.32833,0.442288,4.00689,1.0,0.0,411.0,0.8498583081087894,-0.1794711371398751,2016-10-26 04:42:54.857711,2016-10-26 04:42:55.299999,0.2629024169030265,0.2872864547413793
2016-10-26 04:43:05.700000,850.005,4.1216882690055225,5.2724,9.89557,66.5158,61.6408,667.291,3.33191,0.442794,3.97576,1.0,0.0,411.0,0.8818685611723797,-0.4902823662576207,2016-10-26 04:43:05.257206,2016-10-26 04:43:05.700000,0.2430790499220176,0.20978263726607632
2016-10-27 00:15:55.100000,2450.01,9.838710965845843,5.06564,8.513110000000001,67.3546,127.678,669.655,3.66868,0.487718,4.26659,1.0,4.0,493.0,0.8339141740107163,0.3010844167506274,2016-10-27 00:15:55.100000,2016-10-27 00:15:55.587718,0.3614919354838709,0.25664488017429193
2016-10-27 02:59:00.400000,760.0039999999998,6.079535361173751,5.86036,11.0583,-50.9112,115.932,626.361,1.81899,0.240435,4.15706,1.0,4.0,514.0,0.9506515824174631,-0.4289656230210844,2016-10-27 02:59:00.400000,2016-10-27 02:59:00.640435,0.2314448709423837,0.26153872781156123
2016-10-27 03:31:31.399999,2070.01,2.71068083521163,5.7248,9.49167,67.9482,78.1769,670.487,3.71089,0.493382,4.24374,1.0,4.0,487.0,0.8684170508316376,-0.2132344042000223,2016-10-27 03:31:31.399999,2016-10-27 03:31:31.893381,0.4013888888888886,0.4113486842105263
2016-10-27 03:32:22.300000,1860.01,6.261818644766468,7.19853,9.40233,70.8092,74.533,673.055,3.71741,0.4944020000000001,4.1101,1.0,4.0,487.0,0.8430680204214608,-0.09674216905793034,2016-10-27 03:32:22.300000,2016-10-27 03:32:22.794402,0.3022312373225152,0.2380952380952381
2016-10-27 03:32:28.000000,1400.01,4.40328019887568,7.371760000000001,9.39238,71.1248,74.0623,673.436,3.71842,0.494554,4.09587,1.0,4.0,487.0,0.9537914727216238,-0.2562274757321857,2016-10-27 03:32:28.000000,2016-10-27 03:32:28.494554,0.37009803921568624,0.3362767410104688
2016-10-27 00:15:55.100000,1660.01,5.759058361732067,5.05339,8.512839999999999,67.3205,127.662,669.748,3.66868,0.487718,4.26659,1.0,0.0,493.0,0.8339141740107163,0.3695891463795447,2016-10-27 00:15:54.612282,2016-10-27 00:15:55.100000,0.3614919354838709,0.25664488017429193
2016-10-27 02:59:00.400000,630.003,3.815849275495408,5.8704,11.0548,-50.9323,115.89,626.823,1.81899,0.240435,4.15706,1.0,0.0,514.0,0.9506515824174631,-0.3924691687367012,2016-10-27 02:59:00.159565,2016-10-27 02:59:00.400000,0.2314448709423837,0.26153872781156123
2016-10-27 03:31:31.399999,2340.01,7.480689455142863,5.71098,9.49037,67.914,78.1646,670.5369999999998,3.71089,0.493382,4.24374,1.0,0.0,487.0,0.8684170508316376,-0.2760142539047441,2016-10-27 03:31:30.906617,2016-10-27 03:31:31.399999,0.4013888888888886,0.4113486842105263
2016-10-27 03:32:22.300000,1770.01,3.6622930329750414,7.179810000000002,9.40135,70.7758,74.5317,673.082,3.71741,0.4944020000000001,4.1101,1.0,0.0,487.0,0.8430680204214608,0.0813836548685098,2016-10-27 03:32:21.805598,2016-10-27 03:32:22.300000,0.3022312373225152,0.2380952380952381
2016-10-27 03:32:28.000000,1530.01,6.00224759583103,7.3525,9.39144,71.0916,74.0626,673.424,3.71842,0.494554,4.09587,1.0,0.0,487.0,0.9537914727216238,-0.8752329957838066,2016-10-27 03:32:27.505446,2016-10-27 03:32:28.000000,0.37009803921568624,0.3362767410104688
2016-10-29 01:08:13.000000,1510.01,5.379164590126513,6.45077,8.59753,70.1603,111.428,676.538,4.1917,0.557761,4.60166,1.0,4.0,691.0,0.8218400294196349,-0.21094584406340772,2016-10-29 01:08:13.000000,2016-10-29 01:08:13.557761,0.17454710144927538,0.2398809523809524
2016-10-29 03:36:44.200000,630.003,4.812761361673712,6.97023,21.2179,-75.5038,-115.438,651.625,1.87729,0.248892,2.26047,0.0,4.0,804.0,0.9425841409794744,-0.4375408817352655,2016-10-29 03:36:44.200000,2016-10-29 03:36:44.448892,0.3931942492841877,0.3970818767499922
2016-10-29 01:08:13.000000,1780.01,2.2765814641847006,6.43187,8.5976,70.123,111.427,676.438,4.1917,0.557761,4.60166,1.0,0.0,691.0,0.8218400294196349,-0.4185459779488893,2016-10-29 01:08:12.442239,2016-10-29 01:08:13.000000,0.17454710144927538,0.2398809523809524
2016-10-29 03:36:44.200000,820.0039999999998,2.944853800709733,6.9584199999999985,21.2169,-75.4855,-115.439,651.712,1.87729,0.248892,2.26047,0.0,0.0,804.0,0.9425841409794744,-0.4886894982089435,2016-10-29 03:36:43.951108,2016-10-29 03:36:44.200000,0.3931942492841877,0.3970818767499922
2016-11-03 00:01:07.500000,2230.01,7.446486079490158,5.79944,8.30367,69.1176,129.447,685.1060000000001,6.12607,0.8161649999999999,6.42591,1.0,0.0,347.0,0.9075309692519788,0.20956182510772708,2016-11-03 00:01:07.500000,2016-11-03 00:01:08.316165,0.2540568475452195,0.3695407222080613
2016-11-03 22:49:34.799999,1769.83,6.989328333647918,6.60073,7.8312300000000015,70.6062,145.46200000000005,687.707,6.55467,0.8735719999999999,6.77727,1.0,0.0,305.0,0.8007376606521079,-0.5654717147274301,2016-11-03 22:49:34.799999,2016-11-03 22:49:35.673571,0.2435683378120577,0.2279846304621555
2016-11-03 22:49:58.700000,1390.01,7.302939788249291,7.42754,7.701510000000002,71.9199,143.445,688.63,6.5419,0.8719620000000001,6.732,1.0,0.0,305.0,0.9247543005444001,0.5086277267108722,2016-11-03 22:49:58.700000,2016-11-03 22:49:59.571962,0.24639371621611636,0.2341031109716135
2016-11-03 23:51:51.100000,270.001,3.6565564804783937,6.7391,12.0144,-58.1855,165.672,628.572,5.13649,0.679021,5.94227,1.0,0.0,384.0,0.8826750843431347,-0.460852668887815,2016-11-03 23:51:51.100000,2016-11-03 23:51:51.779021,0.2205555555555556,0.19944345062277088
2016-11-03 00:01:07.500000,3140.02,10.496610257108607,5.77366,8.30514,69.0658,129.46,684.898,6.12607,0.8161649999999999,6.42591,1.0,0.0,347.0,0.9075309692519788,0.348029897338657,2016-11-03 00:01:06.683835,2016-11-03 00:01:07.500000,0.2540568475452195,0.3695407222080613
2016-11-03 22:49:34.799999,1909.82,5.4329265018001065,6.569,7.8342399999999985,70.5521,145.49,687.444,6.55467,0.8735719999999999,6.77727,1.0,0.0,305.0,0.8007376606521079,-0.3322917937910357,2016-11-03 22:49:33.926427,2016-11-03 22:49:34.799999,0.2435683378120577,0.2279846304621555
2016-11-03 22:49:58.700000,1410.01,4.716148566732335,7.389480000000002,7.70499,71.8668,143.483,688.3539999999998,6.5419,0.8719620000000001,6.732,1.0,0.0,305.0,0.9247543005444001,0.17185516638031129,2016-11-03 22:49:57.828038,2016-11-03 22:49:58.700000,0.24639371621611636,0.2341031109716135
2016-11-03 23:51:51.100000,340.0019999999999,3.4299787645506896,6.7648899999999985,12.0148,-58.2322,165.649,629.163,5.13649,0.679021,5.94227,1.0,0.0,384.0,0.8826750843431347,-0.2380653402535431,2016-11-03 23:51:50.420979,2016-11-03 23:51:51.100000,0.2205555555555556,0.19944345062277088
2016-11-13 01:02:30.300000,1260.01,3.830773809498527,5.32883,8.647789999999999,67.7728,115.492,696.5419999999998,10.4648,1.3965299999999998,10.6902,1.0,0.0,608.0,0.8778761087196562,-0.3171335898188928,2016-11-13 01:02:30.300000,2016-11-13 01:02:31.696530,0.29821180361168625,0.37972041613148855
2016-11-13 02:39:46.399999,1220.01,6.88076092804616,4.96855,9.22687,66.2531,92.6214,696.047,10.505999999999998,1.40196,10.7643,1.0,0.0,263.0,0.9657802422571732,0.3132006805167595,2016-11-13 02:39:46.399999,2016-11-13 02:39:47.801959,0.4118502881353554,0.3722104659974361
2016-11-13 02:40:09.699999,1030.01,3.941366952903797,5.46382,9.18227,67.5771,91.2764,696.515,10.4842,1.39913,10.7143,1.0,0.0,263.0,0.8146636658223572,0.4690821987292141,2016-11-13 02:40:09.699999,2016-11-13 02:40:11.099129,0.1748267845756561,0.2334890793482823
2016-11-13 02:40:37.399999,2010.01,7.554268021438258,6.17504,9.12299,69.1366,89.48100000000002,697.1619999999998,10.4578,1.39568,10.6561,1.0,0.0,325.0,0.8272804546178936,-0.22132833405290955,2016-11-13 02:40:37.399999,2016-11-13 02:40:38.795679,0.2824786324786325,0.406501125
2016-11-13 22:14:01.700000,350.0019999999999,6.906906166599952,7.5776,7.47513,71.903,152.403,698.426,10.6183,1.41728,10.7939,1.0,0.0,163.0,0.8455925977019457,0.252533780895073,2016-11-13 22:14:01.700000,2016-11-13 22:14:03.117280,0.2888878318027369,0.12122863255585525
2016-11-13 01:02:30.300000,2000.01,2.5095200907042563,5.29553,8.650089999999999,67.6877,115.529,696.079,10.4648,1.3965299999999998,10.6902,1.0,0.0,608.0,0.8778761087196562,0.26283907702951204,2016-11-13 01:02:28.903470,2016-11-13 01:02:30.300000,0.29821180361168625,0.37972041613148855
2016-11-13 02:39:46.399999,850.005,6.57201079527608,4.93915,9.22742,66.1668,92.6489,695.591,10.505999999999998,1.40196,10.7643,1.0,0.0,263.0,0.9657802422571732,-0.4744581494703254,2016-11-13 02:39:44.998039,2016-11-13 02:39:46.399999,0.4118502881353554,0.3722104659974361
2016-11-13 02:40:09.699999,1210.01,2.8791713541054915,5.43013,9.18308,67.4917,91.3126,696.051,10.4842,1.39913,10.7143,1.0,0.0,263.0,0.8146636658223572,-0.4377288100995029,2016-11-13 02:40:08.300869,2016-11-13 02:40:09.699999,0.1748267845756561,0.2334890793482823
2016-11-13 02:40:37.399999,2000.01,9.278361927286943,6.13284,9.12416,69.0523,89.5295,696.689,10.4578,1.39568,10.6561,1.0,0.0,325.0,0.8272804546178936,-0.06576871363575575,2016-11-13 02:40:36.004319,2016-11-13 02:40:37.399999,0.2824786324786325,0.406501125
2016-11-13 22:14:01.700000,830.005,4.308459808212032,7.52067,7.48216,71.8193,152.48,697.932,10.6183,1.41728,10.7939,1.0,0.0,163.0,0.8455925977019457,-0.3499757068194835,2016-11-13 22:14:00.282720,2016-11-13 22:14:01.700000,0.2888878318027369,0.12122863255585525
2016-11-23 04:46:26.399999,170.00099999999995,2.6679010061372894,5.51762,10.6087,-51.7888,89.0267,655.8810000000002,15.9924,2.12272,16.4319,1.0,0.0,98.0,0.8704214542730446,0.5608150420011089,2016-11-23 04:46:26.399999,2016-11-23 04:46:28.522719,0.3742863350947894,0.3
2016-11-23 05:20:40.000000,140.001,1.3632599822568716,7.9945,9.98655,71.4122,46.424,696.3760000000002,15.1721,2.02454,15.2904,0.0,0.0,89.0,0.8029909568622309,0.22336251847839134,2016-11-23 05:20:40.000000,2016-11-23 05:20:42.024540,0.275,0.3
2016-11-23 04:46:26.399999,250.001,4.0000059999960005,5.56803,10.6066,-51.9227,89.0246,656.189,15.9924,2.12272,16.4319,1.0,0.0,98.0,0.8704214542730446,-0.06926467223806447,2016-11-23 04:46:24.277279,2016-11-23 04:46:26.399999,0.3742863350947894,0.3
2016-11-23 05:20:40.000000,220.001,2.7716330747650213,7.91207,9.98593,71.2951,46.5463,695.8439999999998,15.1721,2.02454,15.2904,0.0,0.0,89.0,0.8029909568622309,0.2847152508832168,2016-11-23 05:20:37.975460,2016-11-23 05:20:40.000000,0.275,0.3
2016-11-25 01:17:55.500000,1190.01,2.6585437255415734,5.47984,8.63343,68.0671,111.246,695.2289999999998,16.0973,2.14778,16.2762,1.0,0.0,535.0,0.8618384726309184,0.1343464354784642,2016-11-25 01:17:55.500000,2016-11-25 01:17:57.647780,0.24359821126047596,0.2779678743071181
2016-11-25 01:17:55.500000,2890.02,10.882374109497297,5.42783,8.6376,67.939,111.325,694.6439999999999,16.0973,2.14778,16.2762,1.0,0.0,535.0,0.8618384726309184,-0.5216667946944763,2016-11-25 01:17:53.352220,2016-11-25 01:17:55.500000,0.24359821126047596,0.2779678743071181
2016-11-28 23:45:46.799999,660.0039999999998,5.797628584029018,6.11577,8.015880000000001,69.7693,132.321,690.373,18.3051,2.44058,18.4147,1.0,0.0,242.0,0.8676363266914575,0.1536639916597672,2016-11-28 23:45:46.799999,2016-11-28 23:45:49.240579,0.2760230610003103,0.22510531793765748
2016-11-28 23:45:46.799999,780.0039999999998,6.11431427498303,6.04223,8.0246,69.627,132.447,689.8739999999998,18.3051,2.44058,18.4147,1.0,0.0,242.0,0.8676363266914575,-0.12281166449472755,2016-11-28 23:45:44.359419,2016-11-28 23:45:46.799999,0.2760230610003103,0.22510531793765748
2016-12-09 02:24:08.099999,340.0019999999999,3.086982603076428,5.2920300000000005,8.91579,67.2136,95.4288,673.2230000000002,24.5164,3.26091,24.6279,1.0,0.0,121.0,0.8386530115188959,-0.05800787419416827,2016-12-09 02:24:08.099999,2016-12-09 02:24:11.360909,0.3291522329419221,0.26782163769074263
2016-12-09 02:24:08.099999,330.0019999999999,3.3074828482637426,5.21766,8.92077,67.0208,95.5627,672.816,24.5164,3.26091,24.6279,1.0,0.0,121.0,0.8386530115188959,-0.053678612762644684,2016-12-09 02:24:04.839089,2016-12-09 02:24:08.099999,0.3291522329419221,0.26782163769074263
2016-12-22 04:42:37.299999,420.002,3.8575899946601457,5.99514,9.58132,68.2032,59.6923,643.066,33.4599,4.4313400000000005,33.5346,1.0,0.0,136.0,0.9135570007911271,0.510569196954543,2016-12-22 04:42:37.299999,2016-12-22 04:42:41.731339,0.2353541735529677,0.2825766287878789
2016-12-22 04:42:37.299999,420.002,3.3946810469367192,5.8747099999999985,9.58323,67.9426,59.9113,643.112,33.4599,4.4313400000000005,33.5346,1.0,0.0,136.0,0.9135570007911271,-0.4241405155959447,2016-12-22 04:42:32.868659,2016-12-22 04:42:37.299999,0.2353541735529677,0.2825766287878789
2016-12-23 04:20:24.000000,1590.01,3.655956313460755,5.88404,21.3279,-72.6625,-120.726,692.914,36.7183,4.8971,36.7549,1.0,0.0,581.0,0.8389763354294623,0.26486415957355997,2016-12-23 04:20:24.000000,2016-12-23 04:20:28.897100,0.3664772727272728,0.2665071770334929
2016-12-23 04:20:24.000000,1690.01,4.699986094736267,5.72895,21.3338,-72.3916,-120.32,692.562,36.7183,4.8971,36.7549,1.0,0.0,581.0,0.8389763354294623,-0.8345397175432819,2016-12-23 04:20:19.102900,2016-12-23 04:20:24.000000,0.3664772727272728,0.2665071770334929
2017-01-05 23:43:46.200000,4430.02,6.7597426385146,6.2463,7.66925,69.982,132.22,618.871,44.2456,5.83947,44.2933,1.0,0.0,522.0,0.8416122763423177,-0.2118892597200628,2017-01-05 23:43:46.200000,2017-01-05 23:43:52.039470,0.22999999999999984,0.5375149793861661
2017-01-05 23:44:02.799999,3180.02,11.442878814363176,6.7713899999999985,7.59703,70.9225,130.914,618.808,44.2619,5.84143,44.3046,1.0,0.0,522.0,0.8525690808066819,-0.5922896620338232,2017-01-05 23:44:02.799999,2017-01-05 23:44:08.641429,0.13188670135610145,0.4367523411170128
2017-01-05 23:43:46.200000,4690.03,9.213935972584304,6.0643699999999985,7.69318,69.6428,132.586,619.339,44.2456,5.83947,44.2933,1.0,0.0,522.0,0.8416122763423177,-0.2766798151470524,2017-01-05 23:43:40.360530,2017-01-05 23:43:46.200000,0.22999999999999984,0.5375149793861661
2017-01-05 23:44:02.799999,4650.03,7.285513519696982,6.57009,7.62245,70.5861,131.32,619.227,44.2619,5.84143,44.3046,1.0,0.0,522.0,0.8525690808066819,-0.048200665857363316,2017-01-05 23:43:56.958569,2017-01-05 23:44:02.799999,0.13188670135610145,0.4367523411170128
2017-02-01 07:33:45.600000,1090.01,7.800032083268952,6.4428,10.0799,67.7312,16.9453,637.18,64.4538,8.529160000000001,64.4995,1.0,0.0,552.0,0.8946439766569836,0.27293186516468865,2017-02-01 07:33:45.600000,2017-02-01 07:33:54.129160,0.3619111111111112,0.3699626865671641
2017-02-01 07:33:45.600000,1940.01,8.256540621877058,6.172630000000002,10.0723,67.2325,17.3807,637.2909999999998,64.4538,8.529160000000001,64.4995,1.0,0.0,552.0,0.8946439766569836,-0.5933971281953131,2017-02-01 07:33:37.070840,2017-02-01 07:33:45.600000,0.3619111111111112,0.3699626865671641
2017-02-22 11:36:20.899999,980.005,8.283270140665687,5.90062,9.77422,60.9466,-38.7455,677.457,82.2374,10.9469,82.2977,1.0,0.0,305.0,0.8327538281460132,-0.27297799725381666,2017-02-22 11:36:20.899999,2017-02-22 11:36:31.846899,0.4833926120131616,0.4200055994880508
2017-02-22 11:36:20.899999,330.0019999999999,7.27803883994237,5.59204,9.77331,60.2983,-38.4196,676.957,82.2374,10.9469,82.2977,2.0,0.0,305.0,0.8327538281460132,-0.07324566925653936,2017-02-22 11:36:09.953099,2017-02-22 11:36:20.899999,0.4833926120131616,0.4200055994880508
2017-02-24 12:27:28.600000,680.0039999999998,4.984128815659556,6.853960000000002,9.48521,60.7184,-51.4218,681.181,83.8908,11.1729,83.9605,0.0,0.0,280.0,0.8772283515461238,-0.40428967663254856,2017-02-24 12:27:28.600000,2017-02-24 12:27:39.772900,0.5016664880965138,0.38629833082774
2017-02-24 12:27:28.600000,520.003,4.487048010762705,6.48162,9.4937,60.0566,-51.0978,680.497,83.8908,11.1729,83.9605,0.0,0.0,280.0,0.8772283515461238,-0.7333106641933672,2017-02-24 12:27:17.427100,2017-02-24 12:27:28.600000,0.5016664880965138,0.38629833082774
2017-03-31 11:06:05.099999,759.928,5.861012266436743,5.85036,9.86431,61.8727,-32.131,674.253,78.5526,10.468468,,2.0,12.0,631.0,0.8080843277007923,0.4421038577342309,2017-03-31 11:06:05.099999,2017-03-31 11:06:15.568467,0.2278015144091329,0.25101234961752644
2017-03-31 11:06:05.099999,719.931,4.84340559816879,5.5568,9.85941,61.256,-31.8029,674.058,78.5526,10.468468,,2.0,12.0,631.0,0.8080843277007923,0.2631787014218774,2017-03-31 11:05:54.631531,2017-03-31 11:06:05.099999,0.2278015144091329,0.25101234961752644
2017-04-23 12:06:42.299999,710.0039999999998,4.865814827726626,7.01478,10.1573,-75.8072,0.0689395,715.1260000000002,68.6174,9.1804,68.6419,0.0,0.0,259.0,0.8266174004895552,-0.0007143060221735246,2017-04-23 12:06:42.299999,2017-04-23 12:06:51.480399,0.4299992000179996,
2017-04-23 13:43:23.100000,940.005,2.991123973256592,7.403119999999999,10.9508,-78.6938,-13.5722,715.398,68.6072,9.17904,68.622,0.0,0.0,563.0,0.8450464333269836,-0.16308375846155282,2017-04-23 13:43:23.100000,2017-04-23 13:43:32.279040,0.4000012179318707,0.36062540234436025
2017-04-23 12:06:42.299999,320.002,1.7677791063348234,7.272689999999999,10.165,-76.2707,1.31933,714.6610000000002,68.6174,9.1804,68.6419,0.0,0.0,259.0,0.8266174004895552,-0.48115979361995503,2017-04-23 12:06:33.119599,2017-04-23 12:06:42.299999,0.4299992000179996,
2017-04-23 13:43:23.100000,780.0039999999998,3.3968337153852564,7.68083,10.9842,-79.0907,-11.5752,714.888,68.6072,9.17904,68.622,0.0,0.0,563.0,0.8450464333269836,-0.11709442175308153,2017-04-23 13:43:13.920960,2017-04-23 13:43:23.100000,0.4000012179318707,0.36062540234436025
2017-04-24 11:32:45.299999,1140.01,6.097212452302406,6.04096,9.70735,61.4179,-39.0502,623.882,67.1077,8.86503,67.1979,2.0,0.0,441.0,0.8629471458062004,-0.4970704629094666,2017-04-24 11:32:45.299999,2017-04-24 11:32:54.165029,0.21327540446851795,0.22618660500374202
2017-04-24 10:56:26.899999,1040.01,4.608775658872604,5.69214,9.79051,-70.2286,7.10877,713.253,67.7769,9.06688,67.829,0.0,0.0,611.0,0.9002201019650914,-0.4516820775189832,2017-04-24 10:56:17.833119,2017-04-24 10:56:26.899999,0.305504567001704,0.2199147874157052
2017-04-24 10:56:27.699999,1010.01,4.1891554850452115,5.673019999999998,9.79065,-70.1844,7.04727,713.215,67.7761,9.06676,67.8283,0.0,0.0,611.0,0.928881619621612,0.06440453087871525,2017-04-24 10:56:18.633239,2017-04-24 10:56:27.699999,0.1349992312736478,0.18537415810147811
2017-04-24 11:32:45.299999,890.005,6.678010285525758,5.7847,9.70555,60.8838,-38.7849,624.328,67.1077,8.86503,67.1979,2.0,0.0,441.0,0.8629471458062004,-0.1457230689041531,2017-04-24 11:32:36.434969,2017-04-24 11:32:45.299999,0.21327540446851795,0.22618660500374202
2017-04-24 11:32:51.899999,1220.01,7.433026715525784,5.95873,9.70286,61.2756,-39.048,624.15,67.1128,8.86548,67.2004,2.0,0.0,441.0,0.8000435255146886,-0.6415213768332688,2017-04-24 11:32:43.034519,2017-04-24 11:32:51.899999,0.5342839999999998,0.4297372569404037
2017-04-24 11:32:56.299999,770.0039999999998,6.2792695730501285,6.10931,9.70055,61.5365,-39.2309,624.1659999999998,67.1164,8.8658,67.2024,2.0,0.0,441.0,0.9122695441192026,-0.5057518380059605,2017-04-24 11:32:47.434199,2017-04-24 11:32:56.299999,0.2775121279265993,0.26195745652257313
2017-04-24 12:32:30.899999,1000.01,3.4000429998275017,6.47417,10.2961,-75.4516,-7.39399,714.6060000000001,67.8178,9.07345,67.8462,0.0,0.0,333.0,0.896140348896394,-0.05728220908605805,2017-04-24 12:32:21.826549,2017-04-24 12:32:30.899999,0.4563893994800889,0.12499375156210996
2017-04-24 12:32:31.800000,1219.88,5.1687235669051415,6.44699,10.2946,-75.406,-7.51492,714.5989999999998,67.8169,9.07331,67.8454,0.0,0.0,333.0,0.8135170201459536,0.4214056963442005,2017-04-24 12:32:22.726690,2017-04-24 12:32:31.800000,0.2555359990844587,0.44539689460495424
2017-04-25 11:58:06.400000,410.002,5.146157542809676,6.2171400000000006,9.58383,60.8208,-45.041,622.56,66.3003,8.75687,66.3952,1.0,0.0,604.0,0.8825545684233368,-0.02489520827170585,2017-04-25 11:58:06.400000,2017-04-25 11:58:15.156870,0.31558431101408224,0.3124996250000001
2017-04-25 12:58:03.299999,1200.01,3.7743951746941895,5.9386,10.4344,-74.9743,-14.9058,714.9830000000002,66.9202,8.95324,66.9491,0.0,0.0,428.0,0.8094147076455401,-0.2655184820756567,2017-04-25 12:58:03.299999,2017-04-25 12:58:12.253239,0.3848819513649985,0.316556798508456
2017-04-25 11:58:06.400000,330.0019999999999,5.048275022019629,5.953869999999998,9.58534,60.2919,-44.7912,623.0269999999998,66.3003,8.75687,66.3952,1.0,0.0,604.0,0.8825545684233368,0.04792072672900827,2017-04-25 11:57:57.643130,2017-04-25 11:58:06.400000,0.31558431101408224,0.3124996250000001
2017-04-25 12:58:03.299999,830.005,3.2929398340641702,6.13827,10.4482,-75.4377,-13.8244,714.5419999999998,66.9202,8.95324,66.9491,0.0,0.0,428.0,0.8094147076455401,-0.767362294072157,2017-04-25 12:57:54.346759,2017-04-25 12:58:03.299999,0.3848819513649985,0.316556798508456
