# Microburst catalogue created on 2017-11-17 16:38:28.227074
# dateTime,dos1rate,Lm_OPQ,MLT_OPQ,lat,lon,alt,Dist_In_Track,Lag_In_Track,Dist_Total,Loss_Cone_Type
2017-01-11 00:14:42.399999,270.001,7.33155,7.66445,71.7112,122.053,616.571,48.4345,6.38999,48.4694,1.0
2017-01-11 00:14:43.899999,190.001,7.37479,7.65951,71.795,121.921,616.558,48.4362,6.39023,48.4708,1.0
2017-01-11 00:25:21.300000,220.001,7.76603,0.216047,65.8755,-18.586,624.024,49.157,6.49294,49.2236,0.0
2017-01-11 00:25:39.399999,400.002,6.97013,0.0762901,64.8161,-19.5293,624.347,49.1761,6.4959,49.2487,2.0
2017-01-11 00:25:45.700000,459.956,6.735,0.0310595,64.4463,-19.8407,624.376,49.1829,6.49695,49.2576,2.0
2017-01-11 01:51:49.500000,380.002,6.35972,8.34221,69.71,100.492,616.401,48.4424,6.39108,48.4868,1.0
2017-01-11 01:51:50.299999,620.003,6.38865,8.33965,69.7556,100.432,616.413,48.4433,6.39119,48.4874,1.0
2017-01-11 01:52:02.600000,290.002,6.77271,8.30461,70.4553,99.4937,616.419,48.4571,6.39299,48.4979,1.0
2017-01-11 01:52:07.799999,320.002,6.94498,8.28924,70.7497,99.0789,616.459,48.463,6.39376,48.5023,1.0
2017-01-11 01:52:11.699999,360.002,7.08144,8.27731,70.9699,98.759,616.496,48.4674,6.39434,48.5058,1.0
2017-01-11 01:52:27.800000,360.002,7.67461,8.22647,71.8734,97.366,616.587,48.4857,6.39674,48.5199,1.0
2017-01-11 01:52:31.500000,410.002,7.8343,8.21327,72.0797,97.0263,616.63,48.4898,6.39728,48.5231,1.0
2017-01-11 01:52:36,340.002,7.99486,8.19986,72.3298,96.6029,616.614,48.4949,6.39796,48.5271,1.0
2017-01-11 01:52:37.899999,360.002,8.08192,8.19273,72.4352,96.4254,616.658,48.4971,6.39825,48.5288,1.0
2017-01-11 01:52:56.500000,310.002,8.89892,8.1259,73.458,94.5373,616.763,48.5182,6.40105,48.5457,1.0
2017-01-11 02:37:42.899999,2140.01,2.39529,20.931,-59.7238,-82.8594,709.742,49.0554,6.56016,49.1639,1.0
2017-01-11 03:45:11.900000,1770.01,4.25935,22.3202,50.0211,-76.8997,629.32,49.5059,6.54673,49.6781,1.0
2017-01-11 03:45:17.500000,2290.01,4.16752,22.3107,49.6823,-77.0371,629.433,49.511,6.54758,49.6857,1.0
2017-01-11 03:45:23.899999,2060.01,4.0844,22.3016,49.295,-77.1887,629.558,49.5168,6.54856,49.6943,1.0
2017-01-11 03:45:29.600000,2080.01,4.00091,22.2927,48.9499,-77.3248,629.77,49.5219,6.54942,49.702,1.0
2017-01-11 03:45:31.899999,2280.01,3.97449,22.2897,48.8106,-77.3775,629.776,49.524,6.54978,49.7051,1.0
2017-01-11 03:45:33,1450.01,3.94837,22.2868,48.744,-77.407,629.779,49.525,6.54995,49.7066,1.0
2017-01-11 03:45:35.100000,1760.01,3.92251,22.2839,48.6168,-77.4555,629.811,49.527,6.55028,49.7094,1.0
2017-01-11 03:45:36.100000,2280.01,3.90963,22.2824,48.5562,-77.4788,629.839,49.5279,6.55043,49.7108,1.0
2017-01-11 03:45:38.100000,2169.79,3.88369,22.2796,48.4351,-77.5251,629.92,49.5298,6.55075,49.7135,1.0
2017-01-11 03:45:39.100000,2270.01,3.86869,22.278,48.3745,-77.5482,629.972,49.5307,6.5509,49.7149,1.0
2017-01-11 03:45:41.200000,1280.01,3.84512,22.2753,48.2472,-77.5962,630.012,49.5327,6.55123,49.7177,1.0
2017-01-11 03:45:42.299999,1640.01,3.83282,22.2739,48.1806,-77.621,630.008,49.5337,6.55141,49.7192,1.0
2017-01-11 03:45:44.399999,980.005,3.80722,22.2709,48.0533,-77.6687,630.029,49.5357,6.55174,49.7221,1.0
2017-01-11 03:45:45.299999,2080.01,3.79635,22.2697,47.9988,-77.6896,630.049,49.5365,6.55188,49.7233,1.0
2017-01-11 03:45:46.399999,2280.01,3.7843,22.2683,47.9321,-77.7143,630.083,49.5376,6.55206,49.7248,1.0
2017-01-11 03:45:47.399999,2370.01,3.77228,22.2669,47.8715,-77.737,630.122,49.5385,6.55222,49.7262,1.0
2017-01-11 03:45:48.399999,1270.01,3.76027,22.2655,47.8109,-77.7597,630.169,49.5395,6.55238,49.7276,1.0
2017-01-11 03:45:49.500000,2180.01,3.74819,22.2641,47.7442,-77.7842,630.23,49.5405,6.55255,49.7291,1.0
2017-01-11 03:45:51.600000,2250.01,3.72226,22.2612,47.617,-77.8312,630.244,49.5422,6.55285,49.7318,1.0
2017-01-11 03:45:52.500000,1800.01,3.71184,22.26,47.5624,-77.8519,630.244,49.5429,6.55297,49.733,1.0
2017-01-11 03:45:54.700000,1270.01,3.68775,22.2572,47.429,-77.9004,630.271,49.5447,6.55328,49.7358,1.0
2017-01-11 03:45:55.700000,1310.01,3.67753,22.2559,47.3684,-77.9228,630.296,49.5454,6.55341,49.737,1.0
2017-01-11 03:45:56.700000,650.004,3.66622,22.2546,47.3077,-77.9451,630.33,49.5462,6.55355,49.7383,1.0
2017-01-11 03:45:57.899999,1260.01,3.65495,22.2532,47.235,-77.9711,630.381,49.5472,6.55372,49.7398,1.0
2017-01-11 03:45:59,1480.01,3.64259,22.2518,47.1683,-77.9993,630.438,49.548,6.55387,49.7412,1.0
2017-01-11 03:46:00,2440.01,3.63251,22.2506,47.1076,-78.0215,630.499,49.5488,6.55401,49.7425,1.0
2017-01-11 03:46:00.800003,1320.01,3.62125,22.2492,47.0591,-78.0359,630.488,49.5495,6.55412,49.7436,1.0
2017-01-11 03:46:02,1570.01,3.60864,22.2478,46.9863,-78.0658,630.481,49.5505,6.5543,49.7451,1.0
2017-01-11 03:46:03,2360.01,3.58698,22.2453,46.9257,-78.0879,630.485,49.5514,6.55445,49.7464,1.0
2017-01-11 03:46:04,1249.88,3.57619,22.244,46.865,-78.1099,630.497,49.5523,6.5546,49.7478,1.0
2017-01-11 03:46:05.099999,1440.01,3.56547,22.2427,46.7983,-78.1337,630.519,49.5532,6.55476,49.7492,1.0
2017-01-11 03:46:07.099999,1250.01,3.54315,22.2399,46.677,-78.1776,630.585,49.5549,6.55506,49.7518,1.0
2017-01-11 03:46:08,2360.01,3.54315,22.2399,46.6224,-78.1977,630.625,49.5557,6.55519,49.753,1.0
2017-01-11 03:46:10.500000,1650.01,3.51261,22.2362,46.4707,-78.2501,630.732,49.5579,6.55556,49.7563,1.0
2017-01-11 03:46:13.300000,1639.84,3.48054,22.2323,46.3008,-78.3117,630.729,49.5603,6.55598,49.76,1.0
2017-01-11 03:46:16,2560.01,3.45962,22.2298,46.1369,-78.3713,630.787,49.5626,6.55638,49.7635,1.0
2017-01-11 03:46:18.199999,2560.01,3.42959,22.226,46.0034,-78.4178,630.878,49.5645,6.55671,49.7664,1.0
2017-01-11 03:46:19,2590.01,3.41968,22.2248,45.9549,-78.4358,630.921,49.5652,6.55682,49.7674,1.0
2017-01-11 03:46:19.300000,2560.01,3.41968,22.2248,45.9366,-78.441,630.938,49.5654,6.55687,49.7678,1.0
2017-01-11 03:46:20,2560.01,3.40978,22.2235,45.8942,-78.4572,630.982,49.566,6.55697,49.7687,1.0
2017-01-11 03:46:21.100000,2560.01,3.39891,22.2222,45.8274,-78.4803,630.969,49.567,6.55714,49.7702,1.0
2017-01-11 03:46:21.899999,1730.01,3.39891,22.2222,45.7788,-78.494,630.966,49.5677,6.55726,49.7712,1.0
2017-01-11 03:46:22.699999,2560.01,3.39003,22.2211,45.7303,-78.5119,630.968,49.5684,6.55738,49.7723,1.0
2017-01-11 03:46:23.199999,2560.01,3.38015,22.2198,45.6999,-78.5247,630.972,49.5689,6.55746,49.773,1.0
2017-01-11 03:46:24.699999,2810.02,3.37015,22.2186,45.6088,-78.5544,630.996,49.5702,6.55768,49.7749,1.0
2017-01-11 03:46:27.300000,2930.02,3.34051,22.2149,45.451,-78.6112,631.081,49.5725,6.55808,49.7784,1.0
2017-01-11 03:46:27.899999,2820.02,3.34051,22.2149,45.4145,-78.6213,631.109,49.573,6.55817,49.7791,1.0
2017-01-11 03:46:28.699999,2580.01,3.33015,22.2136,45.366,-78.639,631.15,49.5737,6.55829,49.7802,1.0
2017-01-11 03:46:30.399999,2610.01,3.31238,22.2113,45.2627,-78.6761,631.223,49.5752,6.55855,49.7824,1.0
2017-01-11 03:46:31,2580.01,3.31238,22.2113,45.2263,-78.6904,631.217,49.5758,6.55864,49.7832,1.0
2017-01-11 03:46:32,1800.01,3.30212,22.21,45.1656,-78.7113,631.213,49.5767,6.5588,49.7846,1.0
2017-01-11 03:46:33.100000,2940.02,3.2845,22.2077,45.0987,-78.7339,631.218,49.5777,6.55897,49.786,1.0
2017-01-11 03:46:33.799999,2860.02,3.2845,22.2077,45.0562,-78.7457,631.227,49.5783,6.55908,49.787,1.0
2017-01-11 03:46:35.600000,2559.76,3.26591,22.2053,44.9469,-78.784,631.267,49.5799,6.55935,49.7893,1.0
2017-01-11 03:46:36.200000,2560.01,3.25632,22.2041,44.9105,-78.7982,631.287,49.5805,6.55945,49.7901,1.0
2017-01-11 03:46:37.299999,2340.01,3.24669,22.203,44.8436,-78.8207,631.33,49.5814,6.55962,49.7916,1.0
2017-01-11 03:46:38,2560.01,3.23777,22.2018,44.8011,-78.8364,631.362,49.5821,6.55973,49.7925,1.0
2017-01-11 03:46:38.799999,2710.01,3.23777,22.2018,44.7525,-78.8497,631.405,49.5828,6.55985,49.7936,1.0
2017-01-11 03:46:40.299999,2610.01,3.22005,22.1994,44.6614,-78.8828,631.473,49.5841,6.56007,49.7955,1.0
2017-01-11 03:46:41.399999,2560.01,3.21123,22.1983,44.5946,-78.9051,631.464,49.5849,6.56022,49.7969,1.0
2017-01-11 03:46:42.500000,2560.01,3.20245,22.1971,44.5277,-78.9273,631.464,49.5857,6.56037,49.7983,1.0
2017-01-11 03:46:43.899999,1030.01,3.1937,22.196,44.4427,-78.9545,631.479,49.5868,6.56055,49.8,1.0
2017-01-11 03:46:46,2460.01,3.17624,22.1936,44.3151,-79.0013,631.531,49.5883,6.56083,49.8026,1.0
2017-01-11 03:46:47.100000,2520.01,3.15864,22.1914,44.2482,-79.0233,631.573,49.5891,6.56098,49.8039,1.0
2017-01-11 03:46:47.600000,2560.01,3.15864,22.1914,44.2178,-79.0315,631.595,49.5895,6.56105,49.8046,1.0
2017-01-11 03:46:49.200000,2570.01,3.14081,22.1891,44.1206,-79.0658,631.68,49.5907,6.56126,49.8065,1.0
2017-01-11 03:46:50.500000,2560.01,3.13242,22.1879,44.0416,-79.0909,631.723,49.5917,6.56144,49.8082,1.0
2017-01-11 03:46:51.600000,2790.02,3.12322,22.1867,43.9747,-79.1129,631.716,49.5926,6.5616,49.8096,1.0
2017-01-11 03:46:53,2750.01,3.11574,22.1857,43.8896,-79.1437,631.721,49.5937,6.5618,49.8113,1.0
2017-01-11 03:46:54.100000,2559.76,3.09919,22.1834,43.8228,-79.1656,631.736,49.5946,6.56196,49.8127,1.0
2017-01-11 03:46:54.600000,2560.01,3.09919,22.1834,43.7924,-79.1736,631.746,49.595,6.56203,49.8134,1.0
2017-01-11 03:46:55.399999,2560.01,3.09095,22.1823,43.7438,-79.1905,631.767,49.5957,6.56215,49.8144,1.0
2017-01-11 03:46:56.299999,2560.01,3.08273,22.1812,43.6891,-79.2091,631.796,49.5964,6.56228,49.8155,1.0
2017-01-11 03:46:57.299999,2560.01,3.0745,22.1801,43.6283,-79.2292,631.836,49.5973,6.56242,49.8168,1.0
2017-01-11 03:46:58.299999,2590.01,3.06536,22.1789,43.5675,-79.2493,631.884,49.5981,6.56256,49.8181,1.0
2017-01-11 03:46:59.799999,2560.01,3.05747,22.1779,43.4763,-79.2773,631.972,49.5993,6.56278,49.82,1.0
2017-01-11 03:47:01.600000,2750.01,3.04125,22.1757,43.3668,-79.3141,631.972,49.6008,6.56304,49.8223,1.0
2017-01-11 03:47:03.200000,2590.01,3.02547,22.1735,43.2696,-79.3476,631.979,49.6021,6.56327,49.8243,1.0
2017-01-11 03:47:05.700000,2560.01,3.00905,22.1712,43.1175,-79.3952,632.033,49.6041,6.56363,49.8274,1.0
2017-01-11 03:47:07.400000,2690.01,2.99428,22.1692,43.0141,-79.4302,632.098,49.6055,6.56387,49.8296,1.0
2017-01-11 03:47:08.599999,2880.02,2.98574,22.168,42.9412,-79.453,632.159,49.6065,6.56404,49.8311,1.0
2017-01-11 03:47:10.300000,2560.01,2.97067,22.166,42.8378,-79.4878,632.24,49.6079,6.56429,49.8333,1.0
2017-01-11 03:47:11.900000,2560.01,2.96248,22.1649,42.7405,-79.5168,632.231,49.6092,6.56453,49.8353,1.0
2017-01-11 03:47:13.800000,2570.01,2.94749,22.1628,42.6249,-79.5545,632.247,49.6108,6.56481,49.8377,1.0
2017-01-11 03:47:14.300000,2580.01,2.94005,22.1617,42.5945,-79.5663,632.257,49.6112,6.56488,49.8384,1.0
2017-01-11 03:47:15.199999,2790.02,2.93189,22.1606,42.5397,-79.5844,632.278,49.612,6.56502,49.8395,1.0
2017-01-11 03:47:17.500000,3070.02,2.91789,22.1586,42.3998,-79.628,632.364,49.6139,6.56536,49.8424,1.0
2017-01-11 03:47:18.600000,3220.02,2.91054,22.1575,42.3329,-79.649,632.42,49.6149,6.56552,49.8438,1.0
2017-01-11 03:47:20.100000,3379.68,2.89579,22.1555,42.2416,-79.6802,632.504,49.6161,6.56574,49.8457,1.0
2017-01-11 03:47:21.699999,3350.02,2.88742,22.1543,42.1443,-79.7087,632.493,49.6173,6.56596,49.8477,1.0
2017-01-11 03:47:24.800000,2960.02,2.86617,22.1513,41.9557,-79.7681,632.531,49.6197,6.56638,49.8515,1.0
2017-01-11 03:47:26.300000,3340.02,2.85209,22.1493,41.8644,-79.799,632.578,49.6208,6.56659,49.8533,1.0
2017-01-11 03:47:26.600000,3240.02,2.85209,22.1493,41.8461,-79.8035,632.589,49.621,6.56663,49.8537,1.0
2017-01-11 03:47:28.300000,2580.01,2.83742,22.1472,41.7427,-79.8374,632.668,49.6223,6.56686,49.8558,1.0
2017-01-11 03:47:29,3380.02,2.83742,22.1472,41.7001,-79.852,632.708,49.6228,6.56695,49.8566,1.0
2017-01-11 03:47:30,3290.02,2.83116,22.1462,41.6392,-79.8712,632.771,49.6236,6.56709,49.8578,1.0
2017-01-11 03:47:31.100000,3210.02,2.81715,22.1442,41.5723,-79.8917,632.76,49.6245,6.56724,49.8592,1.0
2017-01-11 03:47:31.800000,3090.02,2.81715,22.1442,41.5297,-79.9022,632.759,49.625,6.56734,49.8601,1.0
2017-01-11 03:47:32.600000,3330.02,2.80997,22.1432,41.481,-79.9182,632.762,49.6256,6.56746,49.8611,1.0
2017-01-11 03:47:34.899999,3269.69,2.79576,22.1412,41.341,-79.9607,632.8,49.6274,6.56778,49.8639,1.0
2017-01-11 03:47:36.399999,3380.02,2.78236,22.1392,41.2497,-79.9912,632.848,49.6286,6.56799,49.8658,1.0
2017-01-11 03:47:37.600000,3320.02,2.77571,22.1383,41.1766,-80.0131,632.9,49.6296,6.56816,49.8672,1.0
2017-01-11 03:47:39,3330.02,2.76841,22.1372,41.0914,-80.042,632.975,49.6307,6.56836,49.869,1.0
2017-01-11 03:47:40.799999,3180.02,2.75583,22.1353,40.9818,-80.0726,633.031,49.6321,6.56861,49.8712,1.0
2017-01-11 03:47:42.799999,2560.01,2.74183,22.1333,40.86,-80.1102,633.033,49.6336,6.56889,49.8736,1.0
2017-01-11 03:47:44.500000,3290.02,2.72862,22.1314,40.7565,-80.1433,633.06,49.6349,6.56913,49.8757,1.0
2017-01-11 03:47:46.799999,2880.02,2.71585,22.1295,40.6165,-80.185,633.135,49.6367,6.56945,49.8785,1.0
2017-01-11 03:47:47.700000,3370.02,2.70951,22.1285,40.5617,-80.2022,633.176,49.6374,6.56957,49.8796,1.0
2017-01-11 03:47:49.200000,3380.02,2.69689,22.1266,40.4703,-80.2322,633.259,49.6386,6.56978,49.8814,1.0
2017-01-11 03:47:50.799999,3630.02,2.6906,22.1256,40.3729,-80.2594,633.303,49.6398,6.57001,49.8834,1.0
2017-01-11 03:47:51.799999,3210.02,2.68365,22.1246,40.312,-80.2779,633.3,49.6406,6.57015,49.8846,1.0
2017-01-11 03:47:53.899999,3260.02,2.6716,22.1228,40.1841,-80.3164,633.321,49.6422,6.57044,49.8871,1.0
2017-01-11 03:47:56.200000,3360.02,2.65239,22.12,40.044,-80.3617,633.385,49.6439,6.57076,49.8899,1.0
2017-01-11 03:47:58.399999,2990.02,2.63971,22.118,39.91,-80.4013,633.487,49.6456,6.57106,49.8926,1.0
2017-01-11 03:47:59,3009.71,2.63971,22.118,39.8735,-80.414,633.521,49.6461,6.57114,49.8933,1.0
2017-01-11 03:48:00.099998,2800.02,2.62771,22.1161,39.8065,-80.4337,633.584,49.6469,6.5713,49.8946,1.0
2017-01-11 03:48:01.899999,2810.02,2.62231,22.1153,39.6968,-80.4633,633.576,49.6484,6.57155,49.8968,1.0
2017-01-11 03:48:04,2740.01,2.61029,22.1135,39.5689,-80.5054,633.599,49.65,6.57186,49.8994,1.0
2017-01-11 03:48:05.099999,2360.01,2.597,22.1115,39.5019,-80.525,633.625,49.6509,6.57201,49.9007,1.0
2017-01-11 03:48:06,2560.01,2.597,22.1115,39.447,-80.5418,633.654,49.6516,6.57214,49.9018,1.0
2017-01-11 03:48:09.199999,1240.01,2.57455,22.108,39.2521,-80.5989,633.811,49.6542,6.5726,49.9057,1.0
2017-01-11 03:48:09.800000,2430.01,2.57455,22.108,39.2155,-80.6073,633.85,49.6546,6.57269,49.9064,1.0
2017-01-11 03:48:11.199999,1430.01,2.56311,22.1062,39.1302,-80.635,633.854,49.6557,6.57287,49.9081,1.0
2017-01-11 03:48:12.199999,2460.01,2.55683,22.1052,39.0693,-80.6531,633.856,49.6564,6.573,49.9092,1.0
2017-01-11 03:48:14.199999,2190.01,2.54595,22.1035,38.9474,-80.689,633.883,49.6578,6.57327,49.9116,1.0
2017-01-11 03:48:18.399999,2560.01,2.52297,22.0999,38.6914,-80.7634,634.045,49.6607,6.57382,49.9165,1.0
2017-01-11 03:48:21.199999,2440.01,2.50661,22.0973,38.5208,-80.8142,634.136,49.6627,6.57419,49.9198,1.0
2017-01-11 03:48:22.500000,1440.01,2.50063,22.0963,38.4415,-80.8361,634.14,49.6637,6.57437,49.9213,1.0
2017-01-11 03:48:23.600000,1440.01,2.49573,22.0955,38.3745,-80.8552,634.154,49.6645,6.57452,49.9226,1.0
2017-01-11 03:48:25.300000,1440.01,2.48478,22.0938,38.2709,-80.8866,634.195,49.6657,6.57475,49.9246,1.0
2017-01-11 03:48:26.199999,1320.01,2.479,22.0929,38.216,-80.9029,634.226,49.6664,6.57487,49.9256,1.0
2017-01-11 03:48:27.300000,1460.01,2.47344,22.092,38.149,-80.922,634.273,49.6672,6.57502,49.9269,1.0
2017-01-11 03:48:28.399999,1730.01,2.46768,22.0911,38.0819,-80.941,634.33,49.668,6.57517,49.9282,1.0
2017-01-11 03:48:29.800000,1910.01,2.46246,22.0902,37.9965,-80.964,634.417,49.6691,6.57536,49.9299,1.0
2017-01-11 03:48:30.800000,1440.01,2.45777,22.0895,37.9356,-80.9816,634.423,49.6698,6.57549,49.931,1.0
2017-01-11 03:48:34.799999,1810.01,2.43697,22.086,37.6917,-81.0517,634.467,49.6727,6.57603,49.9357,1.0
2017-01-11 03:48:36.899999,2370.01,2.42641,22.0843,37.5637,-81.088,634.542,49.6742,6.57631,49.9381,1.0
2017-01-11 03:48:37.899999,1449.86,2.42027,22.0834,37.5027,-81.1055,634.59,49.6749,6.57644,49.9392,1.0
2017-01-11 03:48:39.100000,1450.01,2.41076,22.0818,37.4295,-81.1297,634.659,49.6758,6.5766,49.9406,1.0
2017-01-11 03:48:40.200000,2300.01,2.40577,22.081,37.3624,-81.1484,634.717,49.6766,6.57675,49.9419,1.0
2017-01-11 03:48:41.200000,1510.01,2.40079,22.0801,37.3015,-81.1658,634.711,49.6773,6.57689,49.9431,1.0
2017-01-11 04:20:05.799999,1460.01,8.47677,21.0597,-75.3613,-126.385,715.444,48.936,6.54739,48.9628,0.0
2017-01-11 05:07:56.299999,159.985,8.49311,9.48282,72.0687,48.1887,616.573,48.5592,6.40644,48.5917,1.0
2017-01-11 05:23:45.600000,1430.01,3.4391,22.0413,46.9205,-102.515,630.597,49.6199,6.56363,49.8059,1.0
2017-01-11 05:23:46.700000,2080.01,3.42806,22.0408,46.8538,-102.539,630.634,49.6209,6.56381,49.8074,1.0
2017-01-11 05:23:49.100000,2480.01,3.39526,22.0396,46.7082,-102.594,630.748,49.6232,6.56418,49.8106,1.0
2017-01-11 05:23:49.600000,2460.01,3.39526,22.0396,46.6779,-102.603,630.778,49.6236,6.56426,49.8113,1.0
2017-01-11 12:21:10.099999,330.002,5.35901,21.9238,-49.8355,135.473,703.885,49.7326,6.64692,49.8994,1.0
2017-01-11 13:24:08.599999,189.982,-1e+31,22.8101,75.5479,160.899,621.98,49.4496,6.52853,49.4696,-1.0
2017-01-11 13:24:13.099999,220.001,-1e+31,22.7994,75.3131,160.285,622.009,49.4548,6.5293,49.4756,-1.0
2017-01-11 19:45:26.800000,280.002,5.74363,7.24086,65.648,-163.819,615.802,49.0517,6.47149,49.113,1.0
2017-01-11 19:47:25,159.985,10.0267,6.34747,72.4157,-172.25,616.621,49.1841,6.48887,49.214,-1.0
2017-01-11 19:56:52.700000,620.003,7.17531,0.181034,69.2664,51.9051,624.086,49.8263,6.58099,49.8706,1.0
2017-01-11 20:24:41.799999,2100.01,1.89828,20.9871,-31.8387,19.023,689.582,50.1221,6.68892,50.4065,0.0
2017-01-11 21:34:27.699999,350.002,8.21076,0.553686,69.6945,28.0177,624.14,49.8716,6.58688,49.9139,1.0
2017-01-11 21:34:31.199999,380.002,7.99008,0.52459,69.495,27.7609,624.123,49.8754,6.58747,49.9187,1.0
2017-01-11 21:34:51.500000,180.001,7.04913,0.384726,68.3315,26.3685,624.471,49.8973,6.59084,49.9459,1.0
2017-01-11 22:07:38.500000,280.002,2.58163,20.4088,-50.6018,-11.407,704.781,49.8715,6.6662,50.0317,0.0
2017-01-11 23:02:31.699999,300.002,7.09467,7.31293,71.3953,140.559,616.456,49.2716,6.50039,49.3056,1.0
2017-01-11 23:02:33.899999,370.002,7.16818,7.30223,71.5187,140.369,616.471,49.2739,6.50069,49.3073,1.0
2017-01-11 23:02:45.100000,480.003,7.63527,7.23648,72.1443,139.356,616.584,49.2863,6.50235,49.3172,1.0
2017-01-11 23:02:46.500000,520.003,7.67367,7.23145,72.2221,139.227,616.628,49.2879,6.50256,49.3185,1.0
2017-01-11 23:02:48,400.002,7.71312,7.22583,72.3054,139.083,616.694,49.2896,6.50279,49.3199,1.0
2017-01-11 23:03:08.800000,420.002,8.6225,7.10262,73.4504,136.992,616.855,49.3143,6.5061,49.34,1.0
2017-01-11 23:03:11,270.001,8.71382,7.09047,73.5703,136.752,616.82,49.3166,6.50642,49.3419,1.0
2017-01-11 23:46:09.500000,250.001,2.30744,20.4985,-53.4611,-37.0828,706.681,49.8663,6.6668,50.0071,0.0
2017-01-11 23:49:04.299999,2260.01,3.01688,20.0687,-63.6522,-43.1806,712.057,49.6711,6.64405,49.7494,0.0
