# Microburst catalogue created on 2017-11-17 16:38:40.069642
# dateTime,dos1rate,Lm_OPQ,MLT_OPQ,lat,lon,alt,Dist_In_Track,Lag_In_Track,Dist_Total,Loss_Cone_Type
2017-01-11 00:25:27.100000,179.983,7.81145,0.217665,65.9229,-18.6251,624.584,49.163,6.49388,49.2315,0.0
2017-01-11 00:25:45,200.001,7.0416,0.0842463,64.8757,-19.5621,624.881,49.1822,6.49684,49.2566,2.0
2017-01-11 00:25:50.200000,360.002,6.80622,0.0394294,64.5706,-19.8208,624.904,49.1878,6.4977,49.2639,2.0
2017-01-11 00:25:54,370.002,6.65495,0.01018,64.3474,-20.008,625.002,49.1913,6.49826,49.2688,2.0
2017-01-11 00:25:58.600000,160.001,6.50575,23.9807,64.077,-20.2274,625.066,49.1955,6.49894,49.2748,2.0
2017-01-11 01:51:56.700000,450.002,6.37378,8.33931,69.7497,100.362,616.912,48.4505,6.39213,48.4928,1.0
2017-01-11 01:52:00.099998,250.001,6.5016,8.32753,69.9435,100.106,616.86,48.4543,6.39262,48.4957,1.0
2017-01-11 01:52:16.399999,330.002,7.02866,8.28024,70.8679,98.8279,617.046,48.4729,6.39506,48.51,1.0
2017-01-11 01:52:21.600000,300.002,7.20721,8.26479,71.161,98.3966,616.996,48.4788,6.39584,48.5146,1.0
2017-01-11 01:52:23.600000,419.96,7.28426,8.2582,71.2735,98.2271,617.035,48.481,6.39613,48.5163,1.0
2017-01-11 01:52:27.699999,280.002,7.42799,8.24586,71.5037,97.8741,617.079,48.4856,6.39673,48.5198,1.0
2017-01-11 01:52:30.699999,350.002,7.54519,8.2359,71.6717,97.6103,617.056,48.4889,6.39716,48.5224,1.0
2017-01-11 01:52:34.200000,320.002,7.70114,8.22289,71.8673,97.2948,617.121,48.4929,6.39769,48.5255,1.0
2017-01-11 01:52:37.700000,350.002,7.81967,8.213,72.0624,96.9773,617.148,48.4969,6.39822,48.5287,1.0
2017-01-11 01:52:44.399999,350.002,8.10354,8.18947,72.4346,96.3459,617.198,48.5045,6.39922,48.5347,1.0
2017-01-11 01:52:52.600000,380.002,8.43702,8.16214,72.8874,95.5411,617.22,48.5138,6.40046,48.5421,1.0
2017-01-11 01:52:56.100000,340.002,8.61143,8.14797,73.0798,95.183,617.333,48.5178,6.40099,48.5453,1.0
2017-01-11 01:53:02.899999,270.001,8.87752,8.12628,73.4518,94.4728,617.3,48.5256,6.40203,48.5517,1.0
2017-01-11 01:53:20.399999,250.001,9.7089,8.0579,74.3981,92.4894,617.421,48.5456,6.40469,48.5679,1.0
2017-01-11 02:26:58.399999,2440.01,1.2108,21.4671,-20.8528,-69.7153,678.107,49.6274,6.61418,49.9952,0.0
2017-01-11 02:42:03.399999,2180.01,5.22256,20.4199,-73.9906,-98.8398,714.69,48.7601,6.52378,48.7902,0.0
2017-01-11 02:43:26.500000,250.001,8.56746,20.1105,-78.1077,-111.135,715.291,48.6643,6.51109,48.6805,0.0
2017-01-11 03:48:47.299999,930.005,2.40462,22.0764,37.3378,-81.2369,635.161,49.6819,6.57774,49.9502,1.0
2017-01-11 03:48:54.600000,319.97,2.3692,22.0706,36.8926,-81.3618,635.369,49.6875,6.57876,49.9587,1.0
2017-01-11 03:48:55.600000,780.004,2.3644,22.0698,36.8317,-81.379,635.431,49.6883,6.5789,49.9599,1.0
2017-01-11 03:48:56.700000,740.004,2.35961,22.069,36.7646,-81.3975,635.452,49.6891,6.57906,49.9611,1.0
2017-01-11 03:48:58.500000,900.005,2.35005,22.0673,36.6548,-81.4292,635.454,49.6905,6.57931,49.9632,1.0
2017-01-11 03:48:59.700000,900.005,2.34481,22.0664,36.5816,-81.4489,635.471,49.6914,6.57948,49.9646,1.0
2017-01-11 03:49:03.500000,2440.01,2.32617,22.0633,36.3499,-81.5146,635.6,49.6937,6.57993,49.9688,1.0
2017-01-11 03:49:05,1080.01,2.32089,22.0625,36.2584,-81.5422,635.683,49.6946,6.58011,49.9704,1.0
2017-01-11 03:49:06,1260.01,2.31578,22.0616,36.1974,-81.5592,635.749,49.6952,6.58023,49.9715,1.0
2017-01-11 03:49:07,1630.01,2.31165,22.0609,36.1364,-81.5762,635.742,49.6958,6.58035,49.9725,1.0
2017-01-11 03:49:15.699999,850.005,2.27002,22.0538,35.6056,-81.7201,636.023,49.7015,6.58144,49.9821,1.0
2017-01-11 03:49:21.899999,700.004,2.24322,22.0491,35.2274,-81.823,636.121,49.7057,6.58225,49.989,1.0
2017-01-11 03:49:23,480.003,2.2348,22.0476,35.1602,-81.8451,636.167,49.7064,6.58239,49.9902,1.0
2017-01-11 03:49:24,790.004,2.2348,22.0476,35.0992,-81.8617,636.217,49.7071,6.58252,49.9912,1.0
2017-01-11 03:49:25.100000,880.005,2.22564,22.0461,35.0321,-81.8796,636.282,49.7078,6.58266,49.9924,1.0
2017-01-11 03:49:25.899999,920.005,2.22564,22.0461,34.9833,-81.8895,636.335,49.7084,6.58276,49.9933,1.0
2017-01-11 03:49:26.699999,610.003,2.2214,22.0453,34.9345,-81.9036,636.337,49.7089,6.58286,49.9942,1.0
2017-01-11 03:49:27.699999,720.004,2.21717,22.0446,34.8735,-81.9202,636.336,49.7096,6.58299,49.9953,1.0
2017-01-11 03:49:28.800000,810.004,2.21295,22.0438,34.8063,-81.938,636.345,49.7103,6.58313,49.9965,1.0
2017-01-11 03:49:29.899999,839.92,2.20831,22.043,34.7392,-81.9558,636.363,49.711,6.58327,49.9977,1.0
2017-01-11 03:49:30.899999,790.004,2.20452,22.0423,34.6782,-81.9723,636.388,49.7117,6.58341,49.9988,1.0
2017-01-11 03:49:32.899999,720.004,2.19606,22.0408,34.5561,-82.0053,636.463,49.7131,6.58367,50.001,1.0
2017-01-11 03:49:34.600000,190.001,2.18707,22.0393,34.4524,-82.0345,636.553,49.7143,6.5839,50.0028,1.0
2017-01-11 03:49:37.799999,110.001,2.17485,22.0371,34.2571,-82.0862,636.639,49.7166,6.58433,50.0064,1.0
2017-01-11 03:49:43.899999,2280.01,2.14989,22.0326,33.8847,-82.1853,636.818,49.7206,6.5851,50.0129,1.0
2017-01-11 03:49:46.299999,890.005,2.13769,22.0304,33.7382,-82.2268,636.947,49.722,6.58539,50.0154,1.0
2017-01-11 03:49:47.299999,410.002,2.13416,22.0297,33.6772,-82.2431,636.944,49.7226,6.58551,50.0165,1.0
2017-01-11 03:49:50.500000,2080.01,2.12243,22.0275,33.4818,-82.294,636.988,49.7246,6.5859,50.0199,1.0
2017-01-11 03:49:54.500000,1480.01,2.10632,22.0247,33.2376,-82.3586,637.16,49.7272,6.5864,50.0241,1.0
2017-01-11 03:49:55.399999,390.002,2.10255,22.024,33.1827,-82.3735,637.217,49.7278,6.58652,50.025,1.0
2017-01-11 03:49:56.799999,1460.01,2.09878,22.0232,33.0972,-82.3943,637.254,49.7286,6.58669,50.0265,1.0
2017-01-11 03:49:57.700000,499.952,2.09501,22.0225,33.0422,-82.4091,637.254,49.7292,6.5868,50.0274,1.0
2017-01-11 03:49:58.799999,550.003,2.09086,22.0218,32.9751,-82.4264,637.264,49.7299,6.58694,50.0286,1.0
2017-01-11 03:49:59.899999,530.003,2.08747,22.0211,32.9079,-82.4436,637.284,49.7306,6.58708,50.0297,1.0
2017-01-11 03:50:00.900002,390.002,2.0837,22.0204,32.8468,-82.4596,637.31,49.7312,6.5872,50.0308,1.0
2017-01-11 03:50:02.399999,460.002,2.07599,22.019,32.7553,-82.4856,637.365,49.7322,6.58739,50.0323,1.0
2017-01-11 03:50:03.399999,330.002,2.07186,22.0183,32.6942,-82.5016,637.412,49.7328,6.58751,50.0333,1.0
2017-01-11 03:50:05,440.002,2.06822,22.0176,32.5965,-82.5287,637.503,49.7338,6.58771,50.035,1.0
2017-01-11 03:50:06.599999,550.003,2.06059,22.0161,32.4988,-82.5517,637.567,49.7348,6.58791,50.0367,1.0
2017-01-11 03:50:08.099999,460.002,2.05368,22.0148,32.4072,-82.5776,637.57,49.7358,6.5881,50.0382,1.0
2017-01-11 03:50:09.300000,320.002,2.05004,22.0141,32.3339,-82.5958,637.586,49.7365,6.58825,50.0395,1.0
2017-01-11 03:50:11.800000,550.003,2.04266,22.0127,32.1812,-82.6333,637.656,49.7381,6.58855,50.042,1.0
2017-01-11 03:50:13.400000,440.002,2.03468,22.0113,32.0835,-82.6603,637.727,49.7391,6.58875,50.0436,1.0
2017-01-11 03:50:14.500000,430.002,2.03152,22.0107,32.0163,-82.6772,637.788,49.7397,6.58888,50.0448,1.0
2017-01-11 03:50:16.199999,659.937,2.02451,22.0093,31.9125,-82.7053,637.886,49.7408,6.58909,50.0465,1.0
2017-01-11 03:50:22.300000,260.001,2.00295,22.0052,31.5399,-82.8006,637.994,49.7446,6.58985,50.0527,1.0
2017-01-11 03:50:24.300000,250.001,1.99617,22.0039,31.4178,-82.8319,638.096,49.7459,6.59011,50.0547,1.0
2017-01-11 03:50:25.300000,260.001,1.99279,22.0032,31.3567,-82.8475,638.159,49.7465,6.59023,50.0558,1.0
2017-01-11 03:50:31.399999,200.001,1.97192,21.9992,30.9841,-82.942,638.281,49.7504,6.59099,50.0619,1.0
2017-01-11 03:50:34.200000,240.001,1.9621,21.9973,30.813,-82.9863,638.413,49.7519,6.59132,50.0647,1.0
2017-01-11 03:50:38.500000,239.977,1.94893,21.9947,30.5503,-83.0514,638.537,49.7544,6.59182,50.0689,1.0
2017-01-11 03:50:44.200000,260.001,1.92925,21.9908,30.2021,-83.1403,638.74,49.7576,6.59249,50.0744,1.0
2017-01-11 03:50:49,1120.01,1.91634,21.9882,29.9088,-83.2146,638.873,49.7604,6.59306,50.0791,1.0
2017-01-11 03:50:50.299999,2450.01,1.90952,21.9869,29.8293,-83.2332,638.902,49.7612,6.59321,50.0803,1.0
2017-01-11 03:50:53.799999,2260.01,1.90063,21.985,29.6155,-83.2844,639.048,49.7632,6.59363,50.0837,1.0
2017-01-11 03:50:56.399999,2570.01,1.89106,21.9831,29.4566,-83.3256,639.188,49.7647,6.59393,50.0862,1.0
2017-01-11 03:50:57.399999,2560.01,1.88777,21.9824,29.3955,-83.3408,639.188,49.7652,6.59405,50.0871,1.0
2017-01-11 03:50:58.299999,2440.01,1.88452,21.9818,29.3405,-83.3548,639.195,49.7657,6.59416,50.088,1.0
2017-01-11 03:50:58.799999,2620.01,1.88452,21.9818,29.3099,-83.3603,639.202,49.766,6.59422,50.0885,1.0
2017-01-11 03:50:59.399999,2440.01,1.88184,21.9812,29.2733,-83.3711,639.213,49.7664,6.59429,50.089,1.0
2017-01-11 03:51:00,2300.01,1.88184,21.9812,29.2366,-83.3818,639.227,49.7667,6.59436,50.0896,1.0
2017-01-11 03:51:02.100000,2060.01,1.87294,21.9794,29.1083,-83.4131,639.298,49.768,6.59461,50.0916,1.0
2017-01-11 03:51:04.099999,2550.01,1.86699,21.9781,28.986,-83.4433,639.399,49.7692,6.59485,50.0935,1.0
2017-01-11 03:51:05.099999,1930.01,1.86366,21.9775,28.9249,-83.4584,639.462,49.7698,6.59497,50.0944,1.0
2017-01-11 03:51:06.299999,2159.79,1.86075,21.9769,28.8516,-83.4756,639.524,49.7705,6.59512,50.0956,1.0
2017-01-11 03:51:07.799999,2570.01,1.85764,21.9763,28.7599,-83.496,639.526,49.7714,6.5953,50.097,1.0
2017-01-11 03:51:09.400000,1980.01,1.85187,21.9751,28.6621,-83.5217,639.549,49.7723,6.5955,50.0985,1.0
2017-01-11 03:51:09.900000,460.002,1.85187,21.9751,28.6316,-83.5271,639.561,49.7726,6.59556,50.099,1.0
2017-01-11 03:51:10.400000,2080.01,1.849,21.9744,28.601,-83.5367,639.574,49.7729,6.59562,50.0995,1.0
2017-01-11 03:51:11.599999,1780.01,1.84613,21.9738,28.5277,-83.5539,639.615,49.7736,6.59577,50.1006,1.0
2017-01-11 03:51:13.300000,1530.01,1.84006,21.9726,28.4238,-83.5805,639.692,49.7747,6.59598,50.1022,1.0
2017-01-11 03:51:13.800000,1310.01,1.84006,21.9726,28.3932,-83.5859,639.72,49.775,6.59604,50.1027,1.0
2017-01-11 03:51:14.900000,1210.01,1.8374,21.972,28.326,-83.6019,639.787,49.7757,6.59617,50.1037,1.0
2017-01-11 03:51:17,2690.01,1.83132,21.9708,28.1976,-83.637,639.862,49.7769,6.59643,50.1057,1.0
2017-01-11 03:51:18.300000,2310.01,1.82574,21.9696,28.1182,-83.6551,639.871,49.7777,6.59659,50.1069,1.0
2017-01-11 03:51:19.300000,2079.8,1.82295,21.969,28.057,-83.67,639.887,49.7783,6.59672,50.1078,1.0
2017-01-11 03:51:20.100000,1290.01,1.81989,21.9683,28.0081,-83.6828,639.906,49.7788,6.59681,50.1086,1.0
2017-01-11 03:51:21.399999,2560.01,1.81737,21.9678,27.9287,-83.7008,639.948,49.7794,6.59695,50.1097,1.0
2017-01-11 03:51:22.600000,1470.01,1.81455,21.9672,27.8553,-83.7178,639.999,49.7799,6.59707,50.1108,1.0
2017-01-11 03:51:23.600000,2140.01,1.81167,21.9666,27.7942,-83.7327,640.05,49.7804,6.59717,50.1117,1.0
2017-01-11 03:51:24.399999,2580.01,1.80853,21.966,27.7453,-83.7454,640.097,49.7807,6.59725,50.1124,1.0
2017-01-11 03:51:26,2570.01,1.80584,21.9654,27.6475,-83.7707,640.207,49.7814,6.59741,50.1138,1.0
2017-01-11 03:51:28.800000,2560.01,1.79773,21.9636,27.4763,-83.8088,640.222,49.7827,6.5977,50.1163,1.0
2017-01-11 03:51:29.600000,2300.01,1.79502,21.963,27.4274,-83.8214,640.238,49.783,6.59778,50.117,1.0
2017-01-11 03:51:31.399999,2320.01,1.78956,21.9618,27.3174,-83.8488,640.293,49.7839,6.59798,50.1186,1.0
2017-01-11 03:51:32.899999,1120.01,1.78669,21.9613,27.2257,-83.8688,640.359,49.7847,6.59815,50.1199,1.0
2017-01-11 03:51:34.600000,1300.01,1.78115,21.9601,27.1218,-83.8951,640.456,49.7856,6.59834,50.1214,1.0
2017-01-11 03:51:35.799999,2260.01,1.77828,21.9594,27.0484,-83.9118,640.538,49.7862,6.59847,50.1225,1.0
2017-01-11 03:51:37.299999,620.003,1.7733,21.9583,26.9567,-83.936,640.553,49.787,6.59864,50.1238,1.0
2017-01-11 03:51:38.799999,860.005,1.77067,21.9578,26.865,-83.9559,640.569,49.7878,6.59881,50.1251,1.0
2017-01-11 03:51:40.200000,2340.01,1.76533,21.9566,26.7794,-83.9789,640.601,49.7885,6.59897,50.1264,1.0
2017-01-11 03:51:41.700000,1170.01,1.76231,21.956,26.6877,-83.9987,640.653,49.7893,6.59913,50.1277,1.0
2017-01-11 03:51:43.399999,959.909,1.75723,21.9549,26.5838,-84.0248,640.734,49.7902,6.59932,50.1291,1.0
2017-01-11 03:51:44.799999,2560.01,1.7547,21.9543,26.4982,-84.0436,640.818,49.7909,6.59948,50.1304,1.0
2017-01-11 03:51:46.100000,2400.01,1.74963,21.9531,26.4187,-84.0654,640.903,49.7916,6.59962,50.1315,1.0
2017-01-11 03:51:47.100000,2559.76,1.74707,21.9526,26.3576,-84.08,640.902,49.7921,6.59973,50.1324,1.0
2017-01-11 03:51:48.200000,2700.01,1.74448,21.952,26.2903,-84.0956,640.911,49.7926,6.59986,50.1333,1.0
2017-01-11 03:51:49.500000,2650.01,1.74154,21.9514,26.2108,-84.1132,640.935,49.7933,6.6,50.1344,1.0
2017-01-11 03:51:50.700000,2060.01,1.73874,21.9508,26.1375,-84.1298,640.968,49.7939,6.60014,50.1355,1.0
2017-01-11 03:51:52.100000,2050.01,1.73381,21.9497,26.0519,-84.1526,641.022,49.7947,6.6003,50.1367,1.0
2017-01-11 03:51:54.700000,2110.01,1.72914,21.9486,25.8929,-84.1878,641.165,49.7961,6.6006,50.1389,1.0
2017-01-11 03:52:06.400000,1850.01,1.69948,21.9419,25.1775,-84.3576,641.614,49.8025,6.60195,50.1489,1.0
2017-01-11 03:52:07.500000,409.961,1.69681,21.9413,25.1102,-84.373,641.618,49.8031,6.60208,50.1498,1.0
2017-01-11 04:20:12.699999,550.003,8.51702,21.0577,-75.3734,-126.496,714.915,48.928,6.54634,48.9535,0.0
2017-01-11 05:08:03,160.001,8.51691,9.48068,72.0789,48.0928,617.114,48.5672,6.40749,48.5981,1.0
2017-01-11 05:23:45.700000,1110.01,3.51495,22.0398,47.3195,-102.449,631.063,49.62,6.56365,49.806,1.0
2017-01-11 05:23:47.200000,600.003,3.49085,22.0389,47.2286,-102.485,631.067,49.6214,6.56388,49.808,1.0
2017-01-11 05:23:47.799999,410.002,3.49085,22.0389,47.1922,-102.496,631.064,49.622,6.56398,49.8089,1.0
2017-01-11 05:23:50,570.003,3.45764,22.0377,47.0588,-102.548,631.079,49.624,6.56433,49.8118,1.0
2017-01-11 05:23:55.799999,1210.01,3.40113,22.0355,46.707,-102.672,631.306,49.6291,6.5652,49.8194,1.0
2017-01-11 05:23:57.100000,2460.01,3.37921,22.0347,46.6282,-102.704,631.305,49.6302,6.56539,49.821,1.0
2017-01-11 05:23:58.100000,1620.01,3.36679,22.0342,46.5675,-102.726,631.302,49.6311,6.56554,49.8224,1.0
2017-01-11 05:23:59.100000,1640.01,3.35643,22.0339,46.5069,-102.747,631.306,49.632,6.56569,49.8237,1.0
2017-01-11 05:24:00.099998,1570.01,3.34587,22.0334,46.4462,-102.769,631.319,49.6328,6.56584,49.825,1.0
2017-01-11 05:24:01.500000,1580.01,3.33432,22.033,46.3613,-102.798,631.35,49.634,6.56605,49.8268,1.0
2017-01-11 05:24:02.500000,1599.85,3.32489,22.0326,46.3006,-102.82,631.382,49.6349,6.5662,49.828,1.0
2017-01-11 05:24:03.500000,1910.01,3.31444,22.0322,46.2399,-102.841,631.422,49.6358,6.56635,49.8293,1.0
2017-01-11 05:24:04.400000,1100.01,3.30397,22.0318,46.1853,-102.861,631.466,49.6365,6.56648,49.8305,1.0
2017-01-11 05:24:06,820.004,3.29334,22.0314,46.0882,-102.897,631.559,49.6379,6.56672,49.8326,1.0
2017-01-11 05:24:06.900000,1550.01,3.28206,22.031,46.0336,-102.913,631.547,49.6387,6.56685,49.8337,1.0
2017-01-11 05:24:07.900000,1490.01,3.27191,22.0306,45.9729,-102.934,631.542,49.6395,6.567,49.835,1.0
2017-01-11 05:24:08.900000,1630.01,3.26182,22.0302,45.9122,-102.956,631.545,49.6404,6.56715,49.8363,1.0
2017-01-11 05:24:09.900000,1609.85,3.25176,22.0298,45.8516,-102.977,631.557,49.6413,6.5673,49.8376,1.0
2017-01-11 05:24:10.900000,2070.01,3.24173,22.0294,45.7909,-102.998,631.576,49.642,6.56744,49.8388,1.0
2017-01-11 05:24:11.800000,1290.01,3.2317,22.029,45.7362,-103.018,631.601,49.6427,6.56756,49.8399,1.0
2017-01-11 05:24:13.099999,1610.01,3.20962,22.0281,45.6573,-103.049,631.648,49.6437,6.56774,49.8415,1.0
2017-01-11 05:24:14,1050.01,3.20962,22.0281,45.6027,-103.068,631.688,49.6444,6.56786,49.8427,1.0
2017-01-11 05:24:15,1430.01,3.20087,22.0278,45.542,-103.089,631.741,49.6452,6.568,49.8439,1.0
2017-01-11 05:24:16,1760.01,3.18156,22.027,45.4813,-103.111,631.802,49.6459,6.56813,49.8451,1.0
2017-01-11 05:24:20.899999,2080.01,3.14167,22.0254,45.1838,-103.21,631.821,49.6498,6.56881,49.8512,1.0
2017-01-11 05:24:22,820.004,3.12329,22.0246,45.117,-103.237,631.852,49.6507,6.56898,49.8527,1.0
2017-01-11 05:24:22.899999,1419.86,3.12329,22.0246,45.0623,-103.252,631.884,49.6515,6.56912,49.8538,1.0
2017-01-11 05:24:27.800000,2090.01,3.07699,22.0227,44.7648,-103.354,632.033,49.6559,6.56987,49.8602,1.0
2017-01-11 05:24:32.500000,1520.01,3.03139,22.0208,44.4793,-103.452,632.117,49.6601,6.57059,49.8663,1.0
2017-01-11 05:24:33.799999,1630.01,3.02254,22.0205,44.4003,-103.478,632.172,49.6612,6.57079,49.868,1.0
2017-01-11 05:24:34.799999,1630.01,3.01364,22.0201,44.3395,-103.498,632.224,49.6621,6.57094,49.8693,1.0
